2.40802e-05 8.18531e-07 1.97439e-07
4.80896e-05 4.13793e-06 8.99006e-07
4.79488e-05 1.05804e-05 2.28295e-06
4.77737e-05 1.92682e-05 4.75623e-06
4.75986e-05 2.88806e-05 8.98329e-06
4.73892e-05 3.81409e-05 1.54944e-05
4.71797e-05 4.60676e-05 2.44931e-05
4.69703e-05 5.21393e-05 3.57421e-05
4.66887e-05 5.63381e-05 4.85516e-05
4.64106e-05 5.90722e-05 6.18763e-05
4.61291e-05 6.10067e-05 7.44921e-05
4.57789e-05 6.28406e-05 8.5213e-05
4.54664e-05 6.50955e-05 9.30984e-05
4.50784e-05 6.79621e-05 9.76037e-05
4.46939e-05 7.12403e-05 9.86452e-05
4.4275e-05 7.43856e-05 9.65686e-05
4.38561e-05 7.66454e-05 9.20337e-05
4.33994e-05 7.72474e-05 8.58474e-05
4.29084e-05 7.5594e-05 7.87851e-05
4.23866e-05 7.14174e-05 7.14442e-05
4.18612e-05 6.48587e-05 6.41588e-05
4.13359e-05 5.64555e-05 5.69916e-05
4.07385e-05 4.70382e-05 4.97981e-05
4.01445e-05 3.75675e-05 4.23436e-05
3.95505e-05 2.89532e-05 3.44382e-05
3.88844e-05 2.18888e-05 2.6053e-05
3.82561e-05 1.67452e-05 1.73914e-05
3.75556e-05 1.35405e-05 8.89476e-06
3.68895e-05 1.19882e-05 1.1827e-06
3.61548e-05 1.16083e-05 -5.05622e-06
3.542e-05 1.18695e-05 -9.19824e-06
3.46852e-05 1.23301e-05 -1.08093e-05
3.39151e-05 1.2741e-05 -9.73494e-06
3.31449e-05 1.30882e-05 -6.13291e-06
3.23752e-05 1.35719e-05 -4.44342e-07
3.157e-05 1.45255e-05 6.68808e-06
3.07302e-05 1.62998e-05 1.45355e-05
2.9925e-05 1.91462e-05 2.24054e-05
2.90848e-05 2.3124e-05 2.97429e-05
2.8245e-05 2.80527e-05 3.61917e-05
2.74052e-05 3.35251e-05 4.16053e-05
2.653e-05 3.89723e-05 4.60091e-05
2.56551e-05 4.37676e-05 4.95289e-05
2.48149e-05 4.73457e-05 5.23059e-05
2.40451e-05 4.93086e-05 5.44205e-05
2.3275e-05 4.94903e-05 5.58438e-05
2.212e-05 4.79565e-05 5.64257e-05
2.00551e-05 4.49368e-05 5.59218e-05
1.75699e-05 4.07517e-05 5.40559e-05
1.8235e-05 3.58708e-05 5.06216e-05
2.95051e-05 3.12217e-05 4.5619e-05
5.27798e-05 2.84121e-05 3.93554e-05
7.09086e-05 2.90037e-05 3.23974e-05
6.55215e-05 3.29695e-05 2.54819e-05
4.49033e-05 3.81882e-05 1.95574e-05
2.989e-05 4.18598e-05 1.57171e-05
2.64249e-05 4.22295e-05 1.47865e-05
2.85949e-05 3.91209e-05 1.6887e-05
3.09049e-05 3.3522e-05 2.13533e-05
3.05901e-05 2.69426e-05 2.69633e-05
2.63549e-05 2.08353e-05 3.22826e-05
2.06151e-05 1.62445e-05 3.60234e-05
2.63198e-05 1.40769e-05 3.74084e-05
6.81103e-05 1.63018e-05 3.65441e-05
0.000147699 2.68048e-05 3.45772e-05
0.000205766 4.90347e-05 3.33371e-05
0.000184413 8.11545e-05 3.49007e-05
0.000115815 0.000114888 4.1648e-05
6.86013e-05 0.000140538 5.59962e-05
5.92553e-05 0.000152553 7.90871e-05
6.68502e-05 0.0001509 0.000109555
7.43765e-05 0.000139411 0.000143549
7.7034e-05 0.000123611 0.000175781
7.74563e-05 0.000109054 0.000200903
8.16898e-05 0.000100241 0.000214792
9.56916e-05 0.000100077 0.000215488
0.000113573 0.000109412 0.000203552
9.68796e-05 0.000125543 0.000181632
-2.47449e-05 0.000138974 0.000153162
-0.000250494 0.000132274 0.000120989
-0.00040426 8.89321e-05 8.69817e-05
-0.00032655 9.02691e-06 5.16535e-05
-0.000120155 -8.67227e-05 1.26302e-05
1.834e-05 -0.000171087 -3.529e-05
4.7705e-05 -0.000226029 -9.63906e-05
2.989e-05 -0.000246904 -0.000170018
1.17951e-05 -0.000238754 -0.00024974
5.38991e-06 -0.000211656 -0.000325165
5.91489e-06 -0.000177257 -0.000384707
7.5949e-06 -0.000146137 -0.00041833
8.22495e-06 -0.000125663 -0.000419739
7.94512e-06 -0.000118555 -0.000387686
7.38512e-06 -0.00012255 -0.000326162
6.89515e-06 -0.000131306 -0.00024348
6.50992e-06 -0.000136299 -0.000150477
6.16004e-06 -0.000129219 -5.8287e-05
5.81017e-06 -0.000104243 2.38041e-05
5.45995e-06 -5.96431e-05 8.99281e-05
5.11008e-06 1.64064e-06 0.000138314
4.72484e-06 7.25613e-05 0.000170976
4.37497e-06 0.000143486 0.000192556
3.99007e-06 0.000204288 0.00020865
3.60483e-06 0.000246505 0.000224056
3.22e-06 0.000265056 0.00024137
2.83501e-06 0.00025914 0.000260267
2.45001e-06 0.000232157 0.000277598
2.06501e-06 0.0001907 0.000288253
1.64499e-06 0.000142913 0.000286547
1.25999e-06 9.66196e-05 0.000267773
8.40006e-07 5.76703e-05 0.00022954
4.55007e-07 2.88826e-05 0.000172568
3.50011e-08 9.77811e-06 0.000100785
-3.84998e-07 -2.86333e-06 2.06856e-05
-8.04984e-07 -1.38142e-05 -5.98484e-05
-1.225e-06 -2.78986e-05 -0.000133009
-1.61e-06 -4.85589e-05 -0.000192447
-2.02999e-06 -7.68406e-05 -0.00023429
-2.45001e-06 -0.000111022 -0.000257578
-2.86999e-06 -0.000146956 -0.000264053
-3.29001e-06 -0.000179012 -0.000257405
-3.67488e-06 -0.000201386 -0.000242171
-4.09514e-06 -0.000209442 -0.000222579
-4.48003e-06 -0.000200773 -0.000201598
-4.89995e-06 -0.000175746 -0.000180419
-5.35489e-06 -0.00013742 -0.000158459
-5.84485e-06 -9.08684e-05 -0.000133845
-6.09e-06 -4.20969e-05 -0.000104238
-5.77515e-06 3.20418e-06 -6.77663e-05
-4.93497e-06 4.07492e-05 -2.38324e-05
-5.38991e-06 6.8287e-05 2.63983e-05
-1.13402e-05 8.55643e-05 7.99286e-05
-2.50251e-05 9.37627e-05 0.000132307
-3.34952e-05 9.51858e-05 0.000178443
5.25016e-06 9.43709e-05 0.000213843
0.000137759 0.000100354 0.000235966
0.00029309 0.000124715 0.000244713
8.97036e-05 0.000164007 0.000240099
-0.00110023 0.000162912 0.000216398
-0.00314152 -1.4875e-07 0.000158882
-0.0043293 -0.000433209 4.99756e-05
-0.00335879 -0.00109766 -0.000127767
-0.00137282 -0.00179156 -0.00040211
-0.000133 -0.00228887 -0.000808394
0.000115359 -0.00247235 -0.0013577
-2.07201e-05 -0.00235352 -0.00200892
-0.000151726 -0.00202529 -0.00267225
-0.00024143 -0.00161325 -0.00323503
-0.000392586 -0.00124309 -0.00359235
-0.000561755 -0.001014 -0.00367216
-0.000292146 -0.000961226 -0.00344815
0.0011838 -0.00100531 -0.00293744
0.00368106 -0.000941616 -0.00219056
0.00509737 -0.000556266 -0.00128346
0.00386543 0.000188464 -0.000299898
0.00142126 0.00111336 0.000702924
-8.33345e-05 0.00197645 0.00170768
-0.000365462 0.00262615 0.00270664
-0.000171534 0.00302646 0.00366716
5.56502e-06 0.00320979 0.00452681
6.08657e-05 0.00323336 0.00520903
5.06098e-05 0.00315596 0.00564222
3.16751e-05 0.00302587 0.00577517
2.324e-05 0.00287283 0.0055871
2.28201e-05 0.00270368 0.00509165
2.45001e-05 0.00250336 0.00433454
2.548e-05 0.00224194 0.00338561
2.555e-05 0.00188587 0.00232688
2.53049e-05 0.00141042 0.00123945
2.50251e-05 0.000810058 0.000191925
2.485e-05 0.000104088 -0.000767129
2.47099e-05 -0.000663725 -0.00161156
2.45351e-05 -0.00143142 -0.0023348
2.429e-05 -0.00212946 -0.00294299
2.39751e-05 -0.00269312 -0.00344636
2.38e-05 -0.00307388 -0.00385101
2.40101e-05 -0.0032473 -0.00415333
2.46402e-05 -0.00321574 -0.00433842
2.46051e-05 -0.00300567 -0.00438273
2.08949e-05 -0.00266056 -0.0042602
3.17101e-05 -0.00223045 -0.00394999
4.06698e-05 -0.00176162 -0.00344427
3.30749e-05 -0.00128959 -0.00275394
3.1535e-05 -0.000834792 -0.00191021
3.36349e-05 -0.000401682 -0.000962461
3.63985e-05 1.7135e-05 2.7373e-05
3.86749e-05 0.000433915 0.000993056
4.05634e-05 0.000858081 0.00187294
4.23145e-05 0.00128982 0.00261769
4.40999e-05 0.00171657 0.00319528
4.59196e-05 0.00211311 0.00359249
4.77737e-05 0.0024454 0.00381293
4.96312e-05 0.00267697 0.00387229
5.15197e-05 0.00277648 0.0037923
5.33738e-05 0.00272447 0.00359481
5.52313e-05 0.00251798 0.00329741
5.70854e-05 0.00217178 0.00291152
5.89738e-05 0.00171614 0.0024432
6.08657e-05 0.00119167 0.00189609
6.27197e-05 0.000642517 0.00127565
6.46116e-05 0.000109386 0.000593304
6.65e-05 -0.000376061 -0.000130633
6.83885e-05 -0.000794362 -0.000866208
7.03146e-05 -0.00113848 -0.00157551
7.22065e-05 -0.00141136 -0.00221655
7.40949e-05 -0.0016216 -0.0027485
7.60211e-05 -0.00177855 -0.00313723
7.79095e-05 -0.00188801 -0.00335994
7.98357e-05 -0.00194972 -0.0034079
8.17585e-05 -0.00195705 -0.00328689
8.36847e-05 -0.00189894 -0.00301537
8.56109e-05 -0.00176358 -0.00262073
8.75336e-05 -0.00154267 -0.00213472
8.94598e-05 -0.00123528 -0.00158894
9.1386e-05 -0.000850343 -0.00101134
9.33466e-05 -0.000406977 -0.00042432
9.52693e-05 6.7255e-05 0.00015536
9.72299e-05 0.000539925 0.000715193
9.9156e-05 0.000978316 0.0012446
0.000101117 0.001354 0.00173251
0.000103074 0.00164647 0.00216559
0.000105 0.00184515 0.00252771
0.00010696 0.00194941 0.00280081
0.000108921 0.00196684 0.00296704
0.000110881 0.00191022 0.00301167
0.000112839 0.0017941 0.00292615
0.000114799 0.00163166 0.00271041
0.000116794 0.00143268 0.00237404
0.000118754 0.00120297 0.00193597
0.000120715 0.000945132 0.00142266
0.00012271 0.000660532 0.00086511
0.00012467 0.000351658 0.000295485
0.000126665 2.42934e-05 -0.000256262
0.000128626 -0.000311156 -0.000764963
0.000130621 -0.000639563 -0.0012117
0.000132581 -0.000942288 -0.00158403
0.000134576 -0.00119945 -0.0018751
0.000136571 -0.00139278 -0.00208206
0.000138531 -0.00150836 -0.00220435
0.000140526 -0.00153878 -0.00224222
0.000142521 -0.00148413 -0.00219599
0.000144516 -0.00135174 -0.00206612
0.000146477 -0.00115473 -0.00185405
0.000148471 -0.00090979 -0.00156354
0.000150466 -0.00063457 -0.00120203
0.000152461 -0.000345411 -0.000781606
0.000154456 -5.57037e-05 -0.000319285
0.000156451 0.000224773 0.000163617
0.000158446 0.000489561 0.000642987
0.000160441 0.000734482 0.00109402
0.000162435 0.000956224 0.0014936
0.00016443 0.001151 0.00182245
0.000166425 0.00131367 0.00206675
0.00016842 0.00143758 0.00221897
0.000170415 0.00151518 0.00227773
0.00017241 0.00153925 0.00224698
0.00017437 0.00150449 0.0021346
0.000176365 0.00140895 0.00195089
0.00017836 0.00125516 0.00170717
0.000180355 0.00105043 0.00141484
0.00018235 0.000806389 0.00108497
0.000184345 0.000537838 0.000728387
0.000186305 0.000261017 0.000356147
0.0001883 -8.21218e-06 -1.99393e-05
0.000190295 -0.000256006 -0.000386926
0.000192255 -0.000471696 -0.000730742
0.00019425 -0.000648281 -0.00103668
0.000196211 -0.000782245 -0.00129035
0.000198206 -0.000872852 -0.00147894
0.000200166 -0.000921136 -0.00159256
0.000202161 -0.0009289 -0.00162537
0.000204122 -0.000897961 -0.00157635
0.000206079 -0.000829818 -0.00144947
0.000208039 -0.000725793 -0.0012532
0.00021 -0.000587556 -0.000999642
0.00021196 -0.000417857 -0.000703237
0.000213921 -0.000221231 -0.000379394
0.000215881 -4.43703e-06 -4.32759e-05
0.000217838 0.000223507 0.000291119
0.000219799 0.00045178 0.000611471
0.000221725 0.000668631 0.000907263
0.000223651 0.000862521 0.00116961
0.000225608 0.00102332 0.00139096
0.000227535 0.00114334 0.00156482
0.000229461 0.00121799 0.00168564
0.000231384 0.00124597 0.00174896
0.00023331 0.00122906 0.00175178
0.000235202 0.00117142 0.0016931
0.000237124 0.00107881 0.00157444
0.000239016 0.000957702 0.00140023
0.000240939 0.000814586 0.001178
0.000242831 0.000655534 0.00091808
0.000244719 0.000486089 0.000633064
0.000246611 0.000311406 0.000336923
0.000248465 0.000136569 4.39596e-05
0.000250354 -3.30868e-05 -0.000232241
0.000252211 -0.000191769 -0.000479721
0.000254065 -0.000333253 -0.000688798
0.000255919 -0.000451166 -0.000852396
0.000257773 -0.000539499 -0.000966065
0.000259631 -0.000593258 -0.00102775
0.000261591 -0.000609102 -0.00103743
0.000263411 -0.000585864 -0.000996704
0.000264846 -0.000524828 -0.000908515
0.000265684 -0.0004297 -0.000776917
0.000266735 -0.000306225 -0.000607041
0.000270797 -0.000161471 -0.000405112
0.000281506 -2.87403e-06 -0.000178483
0.000295188 0.000162442 6.43671e-05
0.0002877 0.000327188 0.000313813
0.000215531 0.000481802 0.000559031
7.67559e-05 0.000613128 0.000788245
5.39334e-05 0.000711532 0.000990374
0.000600347 0.000794549 0.00115927
0.00203692 0.000934002 0.00129864
0.00319525 0.00122 0.00141786
0.00184801 0.0016239 0.0015185
-0.00127424 0.00192909 0.00159995
-0.00264235 0.00190634 0.00167821
-0.0014979 0.00153386 0.00176546
-5.25016e-07 0.000981308 0.00182946
0.000748022 0.000449317 0.00180219
0.000952075 7.24089e-05 0.00162503
0.00049566 -0.000109733 0.00127521
-0.00132794 -0.00018402 0.000762902
-0.00424175 -0.000364993 0.000119786
-0.00578545 -0.000862286 -0.000604888
-0.00421771 -0.00167698 -0.00135666
-0.00130772 -0.00257155 -0.00210733
0.000444432 -0.00326135 -0.00286296
0.000762718 -0.00359312 -0.00362501
0.000537068 -0.0035672 -0.00435217
0.000336246 -0.00327343 -0.00496066
0.000275871 -0.00283063 -0.00534992
0.00028931 -0.00235034 -0.00543169
0.000311954 -0.00191572 -0.00515289
0.000322667 -0.0015689 -0.00450883
0.000324311 -0.00130702 -0.00354584
0.000323679 -0.00108846 -0.00235346
0.00032417 -0.000848507 -0.00104809
0.000326584 -0.000520405 0.000248036
0.000330121 -5.63966e-05 0.00142785
0.000331346 0.00055642 0.00241576
0.000323576 0.00128908 0.00317594
0.0003038 0.00207421 0.00371138
0.0002933 0.00281981 0.0040548
0.000356672 0.00343137 0.00425436
0.000560416 0.00383689 0.00435811
0.000788572 0.00400114 0.00439994
0.000472244 0.00390909 0.00438762
-0.00127781 0.00351288 0.00429406
-0.00418235 0.00270578 0.00406033
-0.00573875 0.00142654 0.00361769
-0.00417994 -0.000170223 0.00290598
-0.0012727 -0.00171773 0.00187158
0.0004799 -0.00285491 0.00048093
0.000798769 -0.00341753 -0.00123177
0.000573188 -0.00345634 -0.00313192
0.000371985 -0.00315417 -0.00500328
0.000311151 -0.00273739 -0.00660019
0.00032417 -0.00240933 -0.00770506
0.000346474 -0.00230431 -0.00817479
0.000356809 -0.00246114 -0.00796781
0.000358251 -0.00281931 -0.00714809
0.000357427 -0.00323883 -0.00586667
0.000357324 -0.0035391 -0.004326
0.000358148 -0.00354706 -0.0027358
0.000359384 -0.00314262 -0.00127092
0.000360552 -0.00229032 -4.07639e-05
0.000361616 -0.00105031 0.000923547
0.000362612 0.000433517 0.00166243
0.000363573 0.00196442 0.00226442
0.000364535 0.00333503 0.00283285
0.000365462 0.00437054 0.00345136
0.000366423 0.00496296 0.00415672
0.000367316 0.00508899 0.00492546
0.000368243 0.00480815 0.00567698
0.000369101 0.0042427 0.00629187
0.00036996 0.00354505 0.00664044
0.000370784 0.00286079 0.00661443
0.000371642 0.00229635 0.00615401
0.000372397 0.00189853 0.00526396
0.000373221 0.00165007 0.00401541
0.000373977 0.00148138 0.00253316
0.000374698 0.00129465 0.000971878
0.000375453 0.000993994 -0.000512901
0.00037614 0.000513794 -0.0017925
0.000376827 -0.000161406 -0.00278525
0.000377445 -0.000990098 -0.0034651
0.000377994 -0.00188128 -0.00385757
0.000378681 -0.00271396 -0.00402479
0.000379745 -0.00336367 -0.00404399
0.00038129 -0.00372962 -0.00398499
0.000382114 -0.00375604 -0.00389203
0.000379299 -0.00344324 -0.00377437
0.000370269 -0.00284605 -0.00360708
0.000357977 -0.00206038 -0.00334157
0.000349256 -0.00120133 -0.00292257
0.000347539 -0.000378426 -0.0023072
0.000350251 0.00032567 -0.00148117
0.000351281 0.000868425 -0.000468157
0.000342931 0.00125009 0.000669875
0.000322279 0.00150617 0.00184138
0.000310694 0.00169302 0.00294085
0.000372878 0.00187214 0.00386795
0.000575146 0.0020969 0.00454577
0.000801825 0.00239742 0.00493303
0.000485085 0.00274983 0.00502526
-0.00126236 0.00302731 0.00484348
-0.00416209 0.0029943 0.00442055
-0.00571609 0.00244175 0.00379694
-0.00416175 0.00139133 0.00301021
-0.00126154 0.000120848 0.00206827
0.000486321 -0.00103561 0.000948311
0.000803508 -0.00187609 -0.000357259
0.00057724 -0.00236144 -0.00179699
0.000375385 -0.00255664 -0.00325818
0.00031353 -0.00257129 -0.00459383
0.000325431 -0.00252043 -0.0056567
0.000346543 -0.00249734 -0.00632958
0.000355745 -0.00255378 -0.00654705
0.000356054 -0.00268954 -0.00630579
0.000354063 -0.0028546 -0.00566213
0.000352792 -0.00296407 -0.00471784
0.000352483 -0.0029221 -0.00359784
0.000352517 -0.00264847 -0.00242511
0.000352517 -0.00210126 -0.00129864
0.00035238 -0.00129018 -0.000279133
0.000352174 -0.000277547 0.000614768
0.000351968 0.000832929 0.00139983
0.000351693 0.00191654 0.00211349
0.000351419 0.00285225 0.00279526
0.00035111 0.00354578 0.00346927
0.000350801 0.00394599 0.00413221
0.000350457 0.00405119 0.00474966
0.000350114 0.00390443 0.00526132
0.000349736 0.00357957 0.00559383
0.000349221 0.00316183 0.00567777
0.000348672 0.00272771 0.0054646
0.000348054 0.00232895 0.00493964
0.000347711 0.00198409 0.00412789
0.000348397 0.00167915 0.00309161
0.000349805 0.00137661 0.00192033
0.000348878 0.00102993 0.0007156
0.000339044 0.000599606 -0.000425827
0.000317276 6.68233e-05 -0.00142683
0.000304744 -0.000557634 -0.00223944
0.00036608 -0.00122961 -0.00284709
0.000567764 -0.00187398 -0.0032598
0.000793825 -0.00239989 -0.00350494
0.000475402 -0.00274252 -0.00361895
-0.00127678 -0.00293093 -0.00364374
-0.00418372 -0.00311585 -0.0036217
-0.00574184 -0.00345403 -0.00358221
-0.00418544 -0.00391675 -0.00353925
-0.00128018 -0.00426776 -0.003513
0.000470218 -0.00425684 -0.00353374
0.000786924 -0.00379339 -0.0036053
0.000559145 -0.00295733 -0.00367451
0.000355779 -0.00192013 -0.00364196
0.000292706 -0.000869422 -0.00339849
0.000303484 3.87652e-05 -0.00286225
0.000323539 0.000706936 -0.00200482
0.000331659 0.00110781 -0.000862312
0.000330821 0.00128127 0.000469069
0.000327704 0.00131705 0.001851
0.000325324 0.00132672 0.00313012
0.000323855 0.00141207 0.00416788
0.000322735 0.00163759 0.00486636
0.000321582 0.00201364 0.00518435
0.000320322 0.00249398 0.00514062
0.000318955 0.00298773 0.0048042
0.000317554 0.00338216 0.00427473
0.000316085 0.00357055 0.003658
0.000314509 0.00347827 0.00304251
0.000312898 0.0030809 0.00248257
0.000311604 0.00241046 0.00199133
0.000311291 0.00154868 0.00154489
0.000311642 0.000609347 0.00109559
0.000309575 -0.000285955 0.000590752
0.00029855 -0.00103289 -8.10655e-06
0.000275974 -0.00156434 -0.000710374
0.000263586 -0.00185997 -0.00148925
0.000325884 -0.00194224 -0.00228371
0.000526184 -0.0018607 -0.00300886
0.000742014 -0.00167664 -0.00357323
0.000401376 -0.00146915 -0.00390118
-0.00136368 -0.00136996 -0.00395689
-0.00420947 -0.00156676 -0.00375686
-0.00556639 -0.00217725 -0.00336029
-0.00378406 -0.00307048 -0.00285771
-0.00119771 -0.00389451 -0.00237592
-0.0011997 -0.00435364 -0.00206388
-0.0037899 -0.0044292 -0.00203402
-0.00557635 -0.00429331 -0.00230245
-0.00422321 -0.0040515 -0.00278711
-0.0013814 -0.00365023 -0.00336272
0.000379676 -0.00301897 -0.00390702
0.000716365 -0.00220578 -0.00430222
0.000496621 -0.00136121 -0.00443118
0.000292356 -0.000646996 -0.00419989
0.000226134 -0.000166274 -0.00356882
0.00023457 6.15664e-05 -0.00257009
0.00025319 9.37119e-05 -0.00130413
0.000260259 3.87884e-05 8.09994e-05
0.000258371 2.31233e-05 0.00142038
0.0002541 0.000155808 0.0025652
0.000250494 0.000499817 0.00341041
0.000247833 0.00105545 0.00391118
0.000245526 0.00175965 0.00408519
0.000243109 0.00250085 0.00400109
0.000240486 0.00314529 0.00375655
0.00023779 0.00356821 0.00345175
0.000235373 0.00368229 0.00316485
0.000233942 0.00345684 0.00293502
0.000233241 0.00292354 0.00275677
0.00023023 0.00216788 0.00258617
0.000218295 0.00130867 0.0023569
0.000194425 0.000471176 0.00200155
0.000179795 -0.000238803 0.00147306
0.000239016 -0.000752192 0.000761054
0.000438595 -0.00104201 -0.000100664
0.000662562 -0.00112366 -0.00103813
0.000341983 -0.00106804 -0.00195422
-0.00141223 -0.0010348 -0.00275603
-0.00432106 -0.00126767 -0.0033789
-0.00588159 -0.00195656 -0.00379356
-0.00432724 -0.0030385 -0.00401152
-0.00142418 -0.0041842 -0.00410056
0.000324136 -0.00501353 -0.00417095
0.000638734 -0.00529882 -0.00431452
0.000408827 -0.00500587 -0.00454901
0.000203315 -0.00423859 -0.00480961
0.000138109 -0.00317546 -0.00497593
0.000146789 -0.00201969 -0.00491162
0.000164746 -0.00095752 -0.00450371
0.000170731 -0.000123138 -0.00369423
0.000167792 0.000424335 -0.00249833
0.000162576 0.000706008 -0.00100556
0.000158061 0.000809085 0.000635818
0.00015449 0.000857529 0.00224738
0.00015127 0.000975422 0.00365521
0.000148015 0.00125237 0.00472253
0.000144653 0.00171924 0.00537298
0.000141364 0.00233974 0.00559982
0.000138006 0.00301908 0.00545971
0.000134294 0.0036271 0.00505338
0.00012957 0.00402969 0.00449857
0.000124076 0.00412086 0.00390186
0.000120821 0.00384781 0.00333612
0.000126456 0.00322357 0.00282856
0.000143956 0.00232459 0.00236139
0.000152145 0.00127321 0.00188419
8.64143e-05 0.000208265 0.00133375
-0.000119664 -0.000748878 0.00065624
-0.000350251 -0.0015174 -0.000172906
-3.63299e-05 -0.00204686 -0.00113373
0.00171122 -0.00226721 -0.00215288
0.00461325 -0.002062 -0.00311016
0.00616691 -0.0013687 -0.00386693
0.0046057 -0.000343275 -0.00429253
0.00169577 0.000649635 -0.00427026
-5.94991e-05 0.00125908 -0.00371744
-0.000381118 0.0013408 -0.00263693
-0.000158271 0.000974061 -0.00115041
4.01101e-05 0.000374591 0.000522648
9.80711e-05 -0.000200064 0.00212171
8.21465e-05 -0.000523468 0.00340799
5.69103e-05 -0.00045164 0.00421579
4.36089e-05 4.7544e-05 0.00448298
3.93067e-05 0.000890589 0.00425618
3.72397e-05 0.00190126 0.00367154
3.40552e-05 0.00285471 0.00291639
2.8875e-05 0.00353204 0.002182
2.25049e-05 0.00377169 0.00161856
1.84451e-05 0.00350596 0.00130314
2.33451e-05 0.00277453 0.0012274
4.01788e-05 0.00171275 0.0013069
4.77394e-05 0.000517457 0.00140859
-1.86549e-05 -0.000602156 0.00138863
-0.000225399 -0.00147656 0.00113105
-0.000456655 -0.0020109 0.000578801
-0.000143397 -0.00217822 -0.000247176
0.00160348 -0.00196373 -0.00124327
0.0045051 -0.00132495 -0.00224047
0.00605772 -0.000274965 -0.00304696
0.00449582 0.000969956 -0.00348883
0.00158504 0.00201293 -0.00342686
-0.000170659 0.00250477 -0.00278149
-0.000491609 0.00233494 -0.00158263
-0.000267295 0.00163918 4.95953e-06
-6.99644e-05 0.000698502 0.00171436
-2.28901e-05 -0.000170877 0.00324572
-6.27884e-05 -0.000703444 0.00433948
-0.000101395 -0.000742348 0.0048336
-4.61291e-05 -0.000266003 0.00469459
0.000172551 0.000619019 0.00401786
0.000417548 0.00170851 0.00299825
5.54407e-05 0.00272815 0.00187608
-0.00189069 0.00334045 0.000870254
-0.00509016 0.00318534 0.000122603
-0.00653738 0.00205941 -0.000323257
-0.00346371 0.00016942 -0.000518421
0.00265427 -0.00183147 -0.000599678
0.00770237 -0.00315981 -0.000749017
0.00936075 -0.00331536 -0.00110094
0.00778374 -0.00228942 -0.00165387
0.00427539 -0.000514452 -0.00225428
0.000991423 0.00136723 -0.00265288
-0.000526596 0.00279235 -0.00260039
-0.000635094 0.00345729 -0.00194995
-0.00035547 0.0033322 -0.000718644
-0.000179654 0.00259008 0.00091687
-0.00014945 0.00152416 0.00267207
-0.000176715 0.000468011 0.00422685
-0.000202721 -0.000282068 0.00529969
-0.000214724 -0.000533441 0.00570898
-0.000219064 -0.000237971 0.00540909
-0.000222353 0.000502774 0.00449439
-0.000226834 0.00146863 0.00317143
-0.000232259 0.00237944 0.00170713
-0.000237966 0.00296593 0.000366182
-0.000243634 0.00303528 -0.000647306
-0.0002492 0.00251606 -0.00123043
-0.000254766 0.00147281 -0.00139589
-0.0002604 8.80355e-05 -0.00125816
-0.000266034 -0.00138274 -0.00099633
-0.000271707 -0.00267111 -0.000803499
-0.00027741 -0.00355648 -0.000835726
-0.00028315 -0.00392909 -0.0011505
-0.000288926 -0.00377552 -0.00173708
-0.000294735 -0.00318734 -0.00250376
-0.000300579 -0.00233442 -0.00330104
-0.000306426 -0.00142314 -0.00395671
-0.000312304 -0.000649047 -0.0043155
-0.000318255 -0.00015455 -0.00427388
-0.000324205 -1.04515e-06 -0.00380274
-0.000330189 -0.000223961 -0.00286633
-0.000336208 -0.000631572 -0.00169505
-0.000342265 -0.00107275 -0.000445316
-0.000348363 -0.00137162 0.000693351
-0.000354475 -0.00139344 0.00156735
-0.000360621 -0.00107739 0.00208902
-0.000366801 -0.000450278 0.00224987
-0.000372981 0.000381303 0.00211507
-0.000379264 0.00125762 0.00180128
-0.000385513 0.00200425 0.00144407
-0.000391831 0.00247261 0.00116325
-0.000398217 0.00257309 0.00103432
-0.000404741 0.00229336 0.00107255
-0.000411299 0.00170902 0.00121791
-0.000417514 0.000930212 0.00139722
-0.000422801 0.000103511 0.00150762
-0.000427402 -0.000630494 0.0014564
-0.000434406 -0.00116438 0.00118159
-0.000450372 -0.00140594 0.000614706
-0.000477909 -0.00141355 -0.000144301
-0.000495248 -0.00124793 -0.00101957
-0.000437909 -0.00101412 -0.00188923
-0.000242584 -0.000814823 -0.00262867
-3.17101e-05 -0.000724385 -0.0031368
-0.000377307 -0.000793676 -0.0033596
-0.00214731 -0.00109327 -0.00330702
-0.00499815 -0.00173204 -0.00305262
-0.00635987 -0.00274965 -0.0027085
-0.00458269 -0.00395502 -0.00239972
-0.00200125 -0.00496582 -0.00225969
-0.00200822 -0.00548988 -0.00241335
-0.00460364 -0.00557173 -0.00288196
-0.00639489 -0.00540629 -0.0036519
-0.00504725 -0.00514676 -0.00458101
-0.00221004 -0.00477068 -0.00550454
-0.000452776 -0.00422121 -0.00627883
-0.000119139 -0.00354032 -0.00678481
-0.000344174 -0.00285572 -0.00692139
-0.000562682 -0.00229701 -0.00662128
-0.000655043 -0.00197748 -0.00581614
-0.00066349 -0.00185247 -0.00461068
-0.00058785 -0.00183973 -0.00312808
-0.000383385 -0.00180385 -0.00153982
-0.000163448 -0.00160497 -1.98345e-05
-0.000490269 -0.00115965 0.00128508
-0.00225004 -0.00051895 0.00227154
-0.00516398 0.000104751 0.002887
-0.00672966 0.000464692 0.00313557
-0.00518149 0.000490363 0.00306519
-0.0022829 0.000331651 0.00272754
-0.000530304 0.000185356 0.00215676
-0.000199744 0.000134835 0.00139365
-0.000422011 0.000141441 0.000511736
-0.00069058 0.000113338 -0.000390596
-0.00095544 -3.90508e-05 -0.00121705
-0.00117542 -0.000372933 -0.00189671
-0.000868985 -0.000880906 -0.00239315
0.000812366 -0.00144256 -0.00269837
0.0036426 -0.00181626 -0.00282182
0.0053312 -0.00176506 -0.00278581
0.00440243 -0.00124601 -0.00261112
0.00243833 -0.000438658 -0.00228706
0.000252173 0.000376345 -0.0017773
-0.00520416 0.000814013 -0.00109082
-0.0176709 0.000202436 -0.000363467
-0.0375041 -0.00250221 9.56391e-05
-0.0596296 -0.00842918 -0.000208767
-0.0728657 -0.0180548 -0.001919
-0.0649412 -0.0302728 -0.00570654
-0.0335086 -0.0420034 -0.0120899
0.00643507 -0.0491272 -0.0212204
0.0296187 -0.0486838 -0.0326619
0.0216026 -0.0409525 -0.0452104
-0.00698374 -0.0296314 -0.0568957
-0.0317695 -0.0197728 -0.065361
-0.0385033 -0.0151065 -0.0686186
-0.0320809 -0.0166846 -0.0658249
-0.0268781 -0.0232844 -0.0576329
-0.0347093 -0.032905 -0.0459998
-0.0590081 -0.0439806 -0.0336517
-0.0945552 -0.0558303 -0.0234754
-0.13244 -0.0685012 -0.0180292
-0.167304 -0.0823858 -0.0192625
-0.200619 -0.0983877 -0.0280096
-0.240942 -0.117635 -0.0447984
-0.30006 -0.142113 -0.0699471
-0.372603 -0.174775 -0.103544
-0.416827 -0.217574 -0.145332
-0.382252 -0.26789 -0.194499
-0.271446 -0.316887 -0.249678
-0.169557 -0.353514 -0.309168
-0.200434 -0.373483 -0.371069
-0.425479 -0.386872 -0.433244
-0.753928 -0.416128 -0.493281
-0.958736 -0.481517 -0.54881
-0.823182 -0.581505 -0.598301
-0.314687 -0.682768 -0.641697
0.363299 -0.730401 -0.679634
0.891852 -0.675187 -0.710601
1.04176 -0.493621 -0.726936
0.805499 -0.216271 -0.712558
0.359728 0.0844276 -0.642659
-0.0848349 0.327506 -0.495317
-0.404741 0.454524 -0.26411
-0.594511 0.318222 0.0310751
-0.729653 0.172466 0.281673
-0.876641 0.0412509 0.458657
-0.993758 -0.168926 0.689437
-0.938891 -0.362053 0.812117
-0.629979 -0.489754 0.798889
-0.196832 -0.508257 0.646529
0.0901122 -0.402148 0.376718
0.092574 -0.196653 0.0337961
-0.0118308 0.0049357 -0.25698
0.121429 0.113645 -0.42144
0.64021 0.292067 -0.659248
1.30542 0.422878 -0.777868
1.68561 0.531963 -0.747851
1.52633 0.62222 -0.570871
0.931612 0.596443 -0.271844
0.223511 0.493448 0.104449
-0.36244 0.481288 0.377814
-0.858306 0.392739 0.678771
-1.43912 0.146783 1.01749
-2.11964 -0.167209 1.23206
-2.60476 -0.52872 1.26654
-2.45385 -0.896512 1.08806
-1.40749 -1.03947 0.700681
0.366183 -0.86488 0.156629
2.27792 -0.804273 -0.394596
3.63676 -0.506766 -0.858414
4.09582 0.20604 -1.38886
3.83625 0.843353 -1.39254
3.29599 1.52943 -1.30484
2.73313 1.93421 -1.05728
2.09677 2.50651 -0.47443
1.28688 2.20709 0.395688
0.400243 2.0279 0.756379
-0.351213 1.31046 1.77474
-0.858444 1.22765 1.89151
-1.11225 1.12238 1.98673
-1.02109 1.00406 2.06179
-0.411196 0.889911 2.1203
0.693498 0.749374 2.16685
1.86659 0.657954 2.20325
2.4853 0.686313 2.22593
2.18357 0.766786 2.22602
1.08258 0.868594 2.19098
-0.399762 1.04026 1.99495
-1.92382 1.20297 1.67932
-3.43165 1.21719 1.29594
-4.99368 0.813236 0.879011
-6.42339 -0.0843876 0.422104
-7.10082 -0.917406 -0.104627
-6.32588 -0.93119 -0.608397
-3.94372 -1.88905 -0.711377
-0.576038 -2.76442 -0.791178
2.8461 -2.94951 -0.838021
5.73944 -2.96772 -0.850624
7.96366 -2.80636 -0.83576
9.34702 -2.26219 -1.07888
9.45758 -0.681262 -1.80203
8.03714 1.15048 -1.83348
5.50665 2.42385 -1.82136
2.84541 2.61317 -1.77144
0.978032 2.68585 -1.68397
0.286515 2.54287 -1.38323
0.521274 2.10041 -0.70255
1.00804 2.25988 0.264794
1.05051 2.8142 0.779472
0.377513 2.90233 0.891578
-0.724675 2.9246 1.00076
-1.78896 2.86684 1.10256
-2.653 2.72458 1.19655
-3.47985 2.05976 1.86911
-4.36879 1.03248 2.70119
-5.11832 0.0777476 2.84522
-5.39781 -1.05739 2.70071
-5.05343 -2.43153 2.48142
-4.23385 -2.62267 2.27708
-3.21932 -2.67093 2.10368
-2.15023 -2.50305 1.6939
-0.977792 -2.00092 0.893559
0.331436 -1.27334 -0.147988
1.69042 -0.866106 -0.694717
3.02021 -0.814053 -0.690058
4.3317 -0.713543 -0.665758
5.62201 -0.562225 -0.621629
6.78151 -0.359797 -0.558171
7.59593 0.31648 -0.474236
7.72606 0.948943 -0.372729
6.74065 1.23187 -0.268809
4.33857 1.48529 -0.182935
0.637944 1.65874 -0.134369
-3.73771 1.70729 -0.137394
-7.85894 1.60583 -0.195548
-10.8835 1.62724 -0.297609
-12.4207 1.17564 -0.399585
-12.6078 -0.329013 -0.500576
-11.8638 -0.937019 -0.603968
-10.5539 -1.4231 -0.704602
-8.80212 -1.88205 -0.802338
-6.51404 -2.98794 -0.905987
-3.55951 -4.57812 -1.02205
-0.0278728 -4.67642 -1.12837
3.6196 -4.31048 -1.20623
6.6706 -3.86718 -1.2526
8.558 -3.38063 -1.27606
9.21311 -2.75688 -1.46863
8.99783 -1.83539 -2.10139
8.26684 -0.964015 -2.55356
7.107 0.267025 -2.59712
5.51866 1.80867 -2.46035
3.63058 2.61063 -2.26125
1.53749 2.584 -2.103
-0.922307 2.38975 -1.83845
-3.93788 1.81075 -1.20045
-7.26872 0.941312 -0.334725
-10.2727 0.063251 0.382373
-12.4234 -0.377524 0.236834
-13.5517 -1.06814 0.0607875
-13.5503 -1.97728 -0.134936
-12.1841 -3.04355 -0.337245
-9.38925 -4.17548 -0.530508
-5.58115 -4.50968 -0.700467
-1.48451 -4.22687 -0.936002
2.22566 -3.7751 -1.2153
5.03488 -3.20331 -1.51893
6.60605 -2.57143 -1.83006
6.98168 -1.94018 -2.13317
6.69189 -1.35777 -2.41019
6.43507 -0.850984 -2.63793
6.60502 -0.543606 -2.63503
7.14443 -0.352264 -2.44372
7.74701 0.435435 -2.24799
8.07353 1.77423 -2.04156
7.83662 2.32344 -1.67159
6.87558 2.02629 -0.929153
5.28381 1.49779 0.0651178
3.44243 1.01318 0.923207
1.83919 1.06972 0.976367
0.777241 1.08978 1.00968
0.253918 1.08799 1.03097
0.0991732 1.07669 1.04678
0.159575 1.06388 1.06132
0.324545 1.05395 1.07684
0.462733 1.04802 1.09386
0.430252 1.04347 1.11091
0.14237 1.03455 1.12484
-0.39887 1.0144 1.13192
-1.12341 0.97714 1.12893
-1.90137 0.919638 1.11407
-2.56809 0.842779 1.08769
-2.99793 0.751416 1.05222
-3.14701 0.652727 1.01133
-2.99731 0.554737 0.969109
-2.49688 0.466416 0.930205
-1.61038 0.397898 0.8999
-0.414286 0.35872 0.883218
0.88883 0.263859 1.00494
2.02796 0.202183 1.146
2.73602 0.187974 1.27214
2.84998 0.208743 1.37366
2.4178 0.249227 1.44154
1.6841 0.297103 1.47025
0.895045 0.345867 1.45895
0.0953243 0.431885 1.35673
-0.845568 1.01755 1.16841
-2.01461 1.53859 0.96274
-3.32744 1.85864 0.806877
-4.60673 1.90306 0.741842
-5.69377 1.68966 0.706458
-6.46013 0.894051 0.678231
-6.80314 -0.449749 0.628033
-6.69979 -1.37985 0.527024
-6.22631 -1.45552 0.314996
-5.48227 -1.386 -0.0609365
-4.52467 -1.20505 -0.545364
-3.39185 -1.16132 -0.796325
-2.15339 -1.22363 -0.845798
-0.883989 -1.25062 -0.877637
0.392689 -1.24183 -0.89151
1.71349 -1.19669 -0.88694
3.12479 -1.11357 -0.862796
4.60879 -0.990503 -0.817694
6.03026 -0.827678 -0.751316
7.16125 -0.630262 -0.665947
7.79439 -0.40937 -0.567009
7.85688 -0.179935 -0.461948
7.40915 0.376255 -0.35531
6.56932 0.793603 -0.251057
5.4706 0.958742 -0.156156
4.26063 1.0928 -0.0749355
3.07116 1.19333 -0.00800043
1.97684 1.2608 0.045467
1.0125 1.28792 0.0997434
0.216599 1.20196 0.25917
-0.379367 1.03052 0.49698
-0.778409 0.98919 0.534773
-0.995578 0.954433 0.545299
-1.02844 0.912453 0.55605
-0.884435 0.868648 0.569151
-0.623352 0.82763 0.586232
-0.346062 0.791889 0.607772
-0.147263 0.761233 0.632854
-0.0849105 0.733297 0.659488
-0.175157 0.704576 0.685171
-0.39499 0.671528 0.707471
-0.693567 0.631509 0.7245
-1.00667 0.583388 0.735214
-1.25845 0.527937 0.739585
-1.38143 0.467922 0.738638
-1.38875 0.406927 0.733815
-1.41532 0.330851 0.759224
-1.61021 0.257439 0.803553
-1.97 0.0975845 0.826688
-2.33966 -0.212185 0.821199
-2.58436 -0.66163 0.778977
-2.70024 -0.907185 0.668307
-2.75683 -0.804439 0.40522
-2.8016 -0.621056 0.0290551
-2.84723 -0.40864 -0.392215
-2.89602 -0.479102 -0.440823
-2.91865 -0.550496 -0.489741
-2.82457 -0.620762 -0.538006
-2.51064 -0.685218 -0.583242
-1.95854 -0.737541 -0.622173
-1.26593 -0.772508 -0.652082
-0.589669 -0.788381 -0.67207
-0.0754546 -0.787568 -0.683415
0.190669 -0.775663 -0.689051
0.219586 -0.759309 -0.692447
0.118288 -0.743566 -0.69621
0.02677 -0.730144 -0.70115
0.0559042 -0.717342 -0.706263
0.28769 -0.700833 -0.709143
0.790701 -0.674244 -0.706285
1.58126 -0.630054 -0.693557
2.56053 -0.561884 -0.667406
3.52311 -0.467518 -0.62646
4.26578 -0.350327 -0.572293
4.70561 -0.217609 -0.508537
4.88896 -0.0112275 -0.43848
4.90269 0.565875 -0.361009
4.80209 0.7582 -0.27749
4.60844 0.876237 -0.192779
4.33102 0.987592 -0.108683
3.97016 1.03854 0.0421393
3.53479 1.00852 0.28364
3.0577 0.93918 0.557784
2.57784 1.01795 0.611986
2.09715 1.08233 0.660961
1.56485 1.13118 0.704327
0.910152 1.16178 0.74076
0.0946273 1.16992 0.768075
-0.858512 1.1512 0.783905
-1.87854 1.10251 0.786486
-2.87865 1.02296 0.775114
-3.76827 0.914195 0.750297
-4.4505 0.780595 0.713839
-4.84089 0.629205 0.66881
-4.90544 0.468913 0.619121
-4.67505 0.308857 0.568709
-4.22389 -0.148045 0.517862
-3.63814 -0.766572 0.463378
-3.00806 -0.844836 0.407719
-2.42457 -0.901721 0.354737
-1.95696 -0.939581 0.303496
-1.61618 -0.958375 0.24777
-1.34737 -0.879311 0.0766786
-1.08224 -0.726945 -0.180313
-0.80234 -0.581823 -0.416075
-0.537377 -0.590808 -0.433405
-0.312102 -0.592638 -0.447361
-0.119623 -0.588332 -0.458411
0.0533463 -0.578651 -0.466868
0.199188 -0.564289 -0.472995
0.300005 -0.546297 -0.477237
0.354097 -0.525999 -0.480177
0.379882 -0.504499 -0.48228
0.398835 -0.482356 -0.483719
0.427162 -0.459618 -0.484398
0.489754 -0.43577 -0.483929
0.629704 -0.409367 -0.481429
0.880418 -0.377923 -0.475462
1.2204 -0.338788 -0.464501
1.56557 -0.290749 -0.447781
1.81217 -0.235155 -0.425898
1.88509 -0.175797 -0.400743
1.75751 -0.117861 -0.374953
1.45251 0.0549233 -0.350085
1.0431 0.317179 -0.325916
0.635644 0.463247 -0.302684
0.327247 0.463986 -0.281369
0.15608 0.452889 -0.25685
0.0782014 0.385518 -0.163745
-0.00939474 0.277833 -0.0204368
-0.206491 0.149137 0.14487
-0.546064 0.121113 0.162726
-0.972745 0.0946697 0.158087
-1.38195 0.0562448 0.146678
-1.69223 0.00585536 0.12918
-1.88784 -0.0557401 0.10692
-1.99613 -0.125866 0.0810913
-2.03026 -0.202054 0.0525755
-1.95627 -0.281253 0.0224006
-1.7138 -0.35878 -0.0077041
-1.27074 -0.428242 -0.0352982
-0.668365 -0.480253 -0.0615001
-0.0210425 -0.509877 -0.0850167
0.541635 -0.515805 -0.105923
0.94823 -0.500074 -0.12542
1.19802 -0.466495 -0.14493
1.30854 -0.419416 -0.165505
1.2809 -0.363576 -0.187885
1.13065 -0.304021 -0.212586
0.932985 -0.244916 -0.239442
0.808074 -0.187824 -0.266908
0.837705 -0.13126 -0.292058
0.993552 -0.0167224 -0.311003
1.16317 0.172545 -0.319724
1.24701 0.427236 -0.314881
1.22078 0.466134 -0.296761
1.11582 0.485985 -0.267978
0.96605 0.467113 -0.193456
0.781842 0.396659 -0.0574777
0.566631 0.291696 0.116126
0.345856 0.232588 0.219045
0.171057 0.236282 0.228609
0.0926873 0.236479 0.236134
0.124399 0.235955 0.243091
0.226566 0.2372 0.250764
0.323264 0.241176 0.259601
0.343274 0.246827 0.268989
0.254793 0.251651 0.277571
0.0728898 0.252849 0.283871
-0.153182 0.248451 0.28687
-0.358904 0.238025 0.286365
-0.486458 0.222828 0.283031
-0.504931 0.205392 0.278181
-0.414252 0.188741 0.27335
-0.234106 0.175699 0.269939
-0.000979852 0.168365 0.268953
0.225433 0.167542 0.270719
0.378028 0.172274 0.274661
0.424175 0.180182 0.279496
0.392106 0.18875 0.28392
0.350835 0.196728 0.287341
0.358904 0.204593 0.290094
0.422561 0.213723 0.292987
0.50239 0.225076 0.29659
0.559386 0.238547 0.300909
0.583695 0.253353 0.305597
0.57415 0.268535 0.310232
0.504896 0.282743 0.314192
0.331298 0.29363 0.316339
0.0299518 0.297879 0.315025
-0.373908 0.292144 0.308598
-0.816315 0.274271 0.296023
-1.2259 0.243964 0.277221
-1.55126 0.202662 0.25297
-1.76897 0.152222 0.22456
-1.874 0.09374 0.190811
-1.86844 0.0354173 0.146442
-1.75781 -0.0187307 0.0919779
-1.55009 -0.0656874 0.029333
-1.25621 -0.103579 -0.0381718
-0.896247 -0.131723 -0.106108
-0.508501 -0.150744 -0.16957
-0.148087 -0.162713 -0.224033
0.130277 -0.182896 -0.250194
0.295133 -0.216083 -0.245085
0.352105 -0.24316 -0.238859
0.336747 -0.266231 -0.232962
0.289104 -0.286649 -0.228254
0.235081 -0.305017 -0.22509
0.193512 -0.321378 -0.223477
0.190278 -0.335146 -0.223075
0.253784 -0.344902 -0.223124
0.394956 -0.348533 -0.222551
0.595609 -0.343862 -0.220297
0.8181 -0.329372 -0.215666
1.02298 -0.30461 -0.208474
1.177 -0.270249 -0.199021
1.2524 -0.228021 -0.188007
1.22761 -0.15662 -0.176232
1.09106 0.0149811 -0.163696
0.849963 0.255734 -0.149649
0.544931 0.328445 -0.13514
0.256197 0.331938 -0.121979
0.076258 0.320713 -0.101285
0.0491918 0.275485 -0.0404984
0.127122 0.209356 0.049944
0.197189 0.142219 0.146359
0.163352 0.143603 0.152798
0.0104296 0.142547 0.157646
-0.20051 0.136573 0.159586
-0.39396 0.125042 0.158282
-0.539746 0.108771 0.154154
-0.655009 0.0887966 0.147706
-0.757945 0.0657101 0.139178
-0.83434 0.0395875 0.128773
-0.84804 0.00952752 0.117032
-0.771507 -0.0221037 0.104936
-0.611129 -0.0523419 0.0936255
-0.418338 -0.0787633 0.0838385
-0.27378 -0.1007 0.0753833
-0.241839 -0.119128 0.0662929
-0.329784 -0.136309 0.0539419
-0.487282 -0.155071 0.0369912
-0.643095 -0.176857 0.0150269
-0.742151 -0.201398 -0.0114239
-0.753791 -0.227055 -0.0411912
-0.659781 -0.251213 -0.0727195
-0.452158 -0.270553 -0.104213
-0.149893 -0.281585 -0.133877
0.188842 -0.281674 -0.16038
0.483643 -0.270113 -0.183275
0.671318 -0.24846 -0.203049
0.731988 -0.219903 -0.220702
0.677739 -0.188265 -0.237247
0.529205 -0.157363 -0.253464
0.314399 -0.130644 -0.269837
0.0773842 -0.110695 -0.28643
-0.132801 -0.0987557 -0.302768
-0.286014 -0.0947223 -0.317957
-0.381153 -0.0976961 -0.331034
-0.439763 -0.106692 -0.341339
-0.49384 -0.121182 -0.348736
-0.568382 -0.141264 -0.353629
-0.665996 -0.167358 -0.356736
-0.766289 -0.200709 -0.357264
-0.842547 -0.249434 -0.343931
-0.881379 -0.307449 -0.323162
-0.887182 -0.367409 -0.30271
-0.865585 -0.422183 -0.290221
-0.80495 -0.46578 -0.291638
-0.67688 -0.499075 -0.302598
-0.457651 -0.524979 -0.31437
-0.149374 -0.540075 -0.325707
0.217141 -0.54129 -0.335417
0.594717 -0.526656 -0.342666
0.935491 -0.495714 -0.347095
1.20042 -0.449579 -0.348767
1.35963 -0.390802 -0.348074
1.39651 -0.268257 -0.344942
1.31912 -0.0253408 -0.337464
1.16234 0.304076 -0.321794
0.968453 0.505364 -0.295163
0.763267 0.47945 -0.222367
0.551557 0.397597 -0.0846497
0.334347 0.278789 0.0930652
0.130899 0.197685 0.211384
-0.0194206 0.194544 0.217279
-0.0791696 0.188639 0.221306
-0.0400758 0.182554 0.224808
0.0683988 0.178612 0.22898
0.197969 0.178096 0.234456
0.313128 0.181147 0.241276
0.40996 0.187354 0.2492
0.507059 0.19649 0.258107
0.616725 0.208733 0.26811
0.726357 0.224251 0.279328
0.808177 0.242651 0.291595
0.844435 0.262906 0.304421
0.839353 0.283786 0.317221
0.808177 0.304312 0.329551
0.759387 0.32382 0.341141
0.691919 0.341745 0.351769
0.604777 0.357496 0.361191
0.504587 0.370561 0.369201
0.402578 0.380676 0.375713
0.308184 0.387869 0.380781
0.22555 0.392365 0.384554
0.155074 0.394462 0.387204
0.0961552 0.39447 0.388896
0.0478218 0.392688 0.389778
0.00777035 0.389379 0.38997
-0.0314574 0.384681 0.389519
-0.0868985 0.378401 0.38829
-0.181666 0.369801 0.385852
-0.332586 0.357595 0.381481
-0.537205 0.340291 0.374341
-0.76725 0.316814 0.363808
-0.973363 0.28715 0.349815
-1.10655 0.252645 0.332997
-1.14483 0.215639 0.314501
-1.09762 0.178675 0.295565
-0.985483 0.140458 0.277183
-0.825688 0.102804 0.260046
-0.636228 0.0676402 0.2446
-0.441994 0.0363565 0.231001
-0.270326 0.0111159 0.217003
-0.139321 0.00484936 0.184555
-0.0503214 0.0141568 0.136523
0.00625103 0.0333441 0.0788242
0.0381702 0.0555852 0.0192024
0.044093 0.0739856 -0.0343853
0.0182243 0.082548 -0.0753692
-0.0371573 0.0771252 -0.0997485
-0.106727 0.0562425 -0.106649
-0.173938 0.0253097 -0.103591
-0.237135 -0.00863898 -0.0998527
-0.309314 -0.0451992 -0.0961936
-0.398973 -0.0842674 -0.0935438
-0.492364 -0.125706 -0.0927914
-0.556536 -0.168752 -0.0944627
-0.560416 -0.211704 -0.0985725
-0.493531 -0.252171 -0.104758
-0.367007 -0.286215 -0.114474
-0.203644 -0.302698 -0.139528
-0.0300005 -0.301745 -0.177971
0.131307 -0.310106 -0.193383
0.267796 -0.322275 -0.193125
0.374732 -0.327681 -0.191993
0.446183 -0.32694 -0.190412
0.4696 -0.321103 -0.188906
0.434338 -0.311745 -0.188141
0.349633 -0.300671 -0.18878
0.248685 -0.289264 -0.191167
0.168729 -0.277996 -0.195138
0.126143 -0.26654 -0.200139
0.108272 -0.254404 -0.205595
0.086998 -0.241567 -0.211229
0.0406664 -0.228684 -0.217131
-0.0339748 -0.216809 -0.223578
-0.126439 -0.20696 -0.230806
-0.224966 -0.199885 -0.238908
-0.322337 -0.196062 -0.247856
-0.411608 -0.195733 -0.257544
-0.481823 -0.198825 -0.267754
-0.520999 -0.204849 -0.278125
-0.522647 -0.212932 -0.288177
-0.487523 -0.221983 -0.297401
-0.421805 -0.230872 -0.305344
-0.335807 -0.238599 -0.311676
-0.242601 -0.244427 -0.316231
-0.154751 -0.247967 -0.319022
-0.0790598 -0.249129 -0.320195
-0.0129144 -0.247943 -0.319916
0.0531883 -0.244324 -0.318254
0.126404 -0.237986 -0.315145
0.202728 -0.228612 -0.310497
0.265705 -0.216185 -0.304352
0.293605 -0.187792 -0.296894
0.271209 -0.124473 -0.288208
0.199819 -0.0356743 -0.27825
0.0965912 0.0593499 -0.260273
-0.0187311 0.127321 -0.210807
-0.135067 0.154331 -0.129887
-0.247641 0.135435 -0.024824
-0.347436 0.0531369 0.0896662
-0.413943 0.0232362 0.107598
-0.42184 0.0067894 0.103774
-0.359384 -0.0102805 0.0996863
-0.241344 -0.0257997 0.0961879
-0.102857 -0.0380626 0.0937851
0.0167761 -0.0463331 0.0924661
0.089738 -0.0509212 0.0917565
0.109769 -0.0528485 0.0909565
0.0915886 -0.0532859 0.0894442
0.0582287 -0.0530826 0.0868818
0.0247322 -0.0514015 0.0815247
-0.0092756 -0.0486219 0.0735857
-0.0535042 -0.0453168 0.0632646
-0.114638 -0.0423461 0.0506754
-0.187552 -0.0406568 0.0359358
-0.254086 -0.0408996 0.0193294
-0.290364 -0.0430817 0.00142664
-0.279916 -0.0464878 -0.0169339
-0.223013 -0.0499498 -0.0348199
-0.132228 -0.0522545 -0.0514084
-0.0181261 -0.0523459 -0.0660514
0.118569 -0.0492229 -0.0781798
0.282701 -0.041754 -0.0871824
0.477909 -0.0286191 -0.092364
0.700915 -0.0084271 -0.0929938
0.935457 0.0199739 -0.0884391
1.15431 0.120476 -0.0775367
1.33038 0.231798 -0.0589269
1.44324 0.26221 -0.0320004
1.47847 0.273214 0.0253033
1.42751 0.267216 0.105926
1.289 0.251002 0.196577
1.07115 0.282279 0.215613
0.792967 0.306738 0.231294
0.481926 0.322937 0.242974
0.169739 0.330253 0.250414
-0.111472 0.328967 0.253812
-0.335271 0.320196 0.253771
-0.486287 0.305678 0.251177
-0.559695 0.287477 0.247052
-0.556914 0.267746 0.242432
-0.482441 0.248593 0.238311
-0.346646 0.231954 0.235579
-0.171301 0.219338 0.234901
0.0119925 0.211529 0.23657
0.171483 0.208436 0.240432
0.288246 0.209248 0.245979
0.363642 0.212884 0.252589
0.411883 0.218443 0.259763
0.442578 0.225328 0.267182
0.451471 0.232996 0.27457
0.428295 0.240696 0.281552
0.374148 0.247536 0.287683
0.308414 0.252897 0.29267
0.25662 0.256764 0.296542
0.234148 0.259692 0.299623
0.237468 0.262407 0.302322
0.244424 0.265301 0.304862
0.225904 0.268066 0.307093
0.161515 0.269716 0.308505
0.047039 0.268913 0.308409
-0.106871 0.264397 0.306153
-0.279511 0.255325 0.301309
-0.447934 0.241457 0.293753
-0.597292 0.223078 0.283629
-0.727387 0.200701 0.27118
-0.848521 0.174719 0.256567
-0.970067 0.144445 0.239797
-1.09048 0.107411 0.220782
-1.19785 0.0637573 0.199491
-1.27644 0.0167052 0.172571
-1.31225 -0.0242065 0.129048
-1.29525 -0.0582969 0.07048
-1.22126 -0.0861516 0.000697941
-1.09436 -0.109387 -0.0748278
-0.927388 -0.130298 -0.14989
-0.738649 -0.15142 -0.21854
-0.547231 -0.192894 -0.251983
-0.367007 -0.24851 -0.257202
-0.198817 -0.297959 -0.260573
-0.0323285 -0.340471 -0.262426
0.137797 -0.375172 -0.262918
0.302059 -0.401343 -0.262181
0.448072 -0.418682 -0.260447
0.574562 -0.427228 -0.257987
0.682854 -0.427177 -0.255018
0.761241 -0.419024 -0.25178
0.790426 -0.403873 -0.248694
0.765911 -0.383368 -0.246318
0.706855 -0.359157 -0.245076
0.639764 -0.332403 -0.245049
0.574665 -0.303818 -0.246043
0.500673 -0.274132 -0.247872
0.406698 -0.232161 -0.250396
0.303357 -0.145216 -0.253009
0.221086 -0.0293924 -0.254489
0.186618 0.0997902 -0.253337
0.200908 0.229901 -0.248059
0.239785 0.327118 -0.237811
0.27481 0.321864 -0.223288
0.29159 0.298215 -0.182889
0.289458 0.240063 -0.0955697
0.270244 0.159743 0.0218782
0.234536 0.0840617 0.133106
0.189667 0.0859893 0.139532
0.15242 0.0871798 0.144914
0.135716 0.0879927 0.149455
0.136657 0.0889311 0.153434
0.141189 0.0902737 0.157007
0.1363 0.0919309 0.16014
0.116324 0.0935529 0.162666
0.0818718 0.0947132 0.164381
0.0372226 0.0950452 0.165121
-0.012374 0.0943084 0.164788
-0.062967 0.0923875 0.163354
-0.109477 0.0892926 0.160851
-0.144471 0.0852094 0.157404
-0.16509 0.0804708 0.153209
-0.177303 0.0753754 0.148444
-0.18876 0.070041 0.143183
-0.199946 0.0644763 0.137445
-0.205917 0.0588047 0.13121
-0.205924 0.0537155 0.123845
-0.2068 0.0485952 0.115461
-0.216149 0.0428951 0.106068
-0.237131 0.0362895 0.0956025
-0.269513 0.0283716 0.0839759
-0.312006 0.01872 0.071105
-0.363917 0.00691582 0.056908
-0.423007 -0.00743156 0.0413065
-0.48093 -0.0245602 0.0242765
-0.527214 -0.0444086 0.0059067
-0.559351 -0.0666622 -0.0136432
-0.583283 -0.0909714 -0.0342573
-0.602373 -0.117053 -0.0559011
-0.612536 -0.144573 -0.078543
-0.609824 -0.17304 -0.102095
-0.595163 -0.201876 -0.126441
-0.568519 -0.230475 -0.151459
-0.524707 -0.258125 -0.176966
-0.457205 -0.283914 -0.202665
-0.366011 -0.306795 -0.22817
-0.262 -0.325839 -0.253124
-0.159445 -0.340478 -0.277295
-0.0637567 -0.350493 -0.300534
0.0289286 -0.355782 -0.322645
0.119922 -0.356264 -0.34334
0.200427 -0.352047 -0.36234
0.257248 -0.343646 -0.379485
0.284778 -0.331968 -0.394733
0.29056 -0.318032 -0.408021
0.289458 -0.302636 -0.419137
0.293959 -0.286219 -0.427703
0.307892 -0.268952 -0.433262
0.32611 -0.250951 -0.435422
0.341115 -0.232441 -0.433936
0.349839 -0.213756 -0.428702
0.354234 -0.171986 -0.419401
0.358629 -0.0938767 -0.405111
0.367178 -0.000872917 -0.365512
0.383453 0.0907875 -0.287898
0.412604 0.175176 -0.172045
0.459334 0.217535 -0.0234237
0.521755 0.110079 0.141939
0.590493 0.110391 0.168104
0.653086 0.123948 0.180175
0.69779 0.13936 0.192632
0.714065 0.155964 0.20517
0.694048 0.172835 0.217354
0.635438 0.188898 0.228673
0.541806 0.203091 0.238626
0.420501 0.214495 0.246785
0.28141 0.222424 0.252842
0.13802 0.226518 0.256653
0.00643472 0.226828 0.258278
-0.099829 0.223824 0.257986
-0.175005 0.218252 0.256179
-0.222735 0.210903 0.253273
-0.253471 0.20239 0.249574
-0.277355 0.193054 0.245241
-0.297705 0.183055 0.240333
-0.312325 0.172541 0.234902
-0.320977 0.161694 0.229018
-0.327817 0.150642 0.222725
-0.334825 0.139431 0.216022
-0.336823 0.128148 0.208936
-0.325297 0.117064 0.201593
-0.297053 0.106614 0.194209
-0.259329 0.0971743 0.186972
-0.224324 0.0888575 0.179934
-0.198858 0.0806016 0.173005
-0.182171 0.0722125 0.165579
-0.171129 0.0641949 0.156823
-0.16306 0.0565044 0.146736
-0.155407 0.0491281 0.135381
-0.145577 0.0420987 0.122883
-0.132094 0.0354929 0.109422
-0.116756 0.029378 0.0951928
-0.104526 0.023718 0.0803592
-0.0997775 0.0183234 0.0650284
-0.103211 0.012898 0.0492775
-0.11219 0.0071375 0.0331964
-0.12283 0.000810315 0.0169149
-0.130761 -0.00619567 0.000608637
-0.131232 -0.0138368 -0.0154981
-0.120742 -0.0219044 -0.0311408
-0.0976075 -0.0300532 -0.0460366
-0.0615627 -0.0378423 -0.0599049
-0.0160375 -0.0448128 -0.0725002
0.0306917 -0.0506294 -0.0836701
0.0691267 -0.0552022 -0.0933958
0.0930994 -0.0586993 -0.101776
0.102799 -0.0614376 -0.108958
0.10501 -0.0636996 -0.115049
0.107925 -0.0655935 -0.120056
0.114823 -0.0670668 -0.123919
0.123256 -0.0680356 -0.126585
0.128368 -0.0685048 -0.128064
0.125663 -0.068616 -0.12845
0.111723 -0.0686461 -0.127904
0.0847525 -0.068983 -0.126641
0.0468707 -0.0700502 -0.124892
0.00529995 -0.0721676 -0.122841
-0.0307707 -0.075421 -0.120576
-0.0542459 -0.0819895 -0.11491
-0.0605429 -0.0909261 -0.106415
-0.0475025 -0.100305 -0.0966918
-0.0175431 -0.108067 -0.0874292
0.0218927 -0.112458 -0.0800988
0.0607283 -0.112406 -0.0756981
0.0892298 -0.108023 -0.074194
0.0997947 -0.101755 -0.0729583
0.088289 -0.0808518 -0.0719871
0.0580536 -0.04846 -0.0710102
0.020453 -0.0103758 -0.069544
-0.0129069 0.0262319 -0.0658324
-0.0362166 0.0512337 -0.0529427
-0.0477875 0.0609123 -0.0300633
-0.0473857 0.0556139 0.00107547
-0.0364603 0.0393624 0.0365219
-0.0174824 0.0186738 0.0709922
0.00770718 0.0143929 0.0806782
0.0355985 0.0182834 0.0798925
0.0585721 0.0241438 0.0792796
0.0694116 0.0328404 0.0787845
0.0667781 0.0428094 0.0782967
0.0538991 0.0437825 0.0776208
0.034359 0.0444169 0.0765724
0.0110205 0.0448687 0.0746625
-0.011666 0.0450316 0.0719345
-0.0277059 0.0449373 0.0685147
-0.0343899 0.0446791 0.0645972
-0.0344929 0.0440806 0.0603737
-0.0328287 0.0432084 0.0559755
-0.0332916 0.0420278 0.0514659
-0.0381668 0.0404179 0.0468568
-0.0470046 0.0382216 0.0421381
-0.0557738 0.0353388 0.0373212
-0.0580605 0.0318287 0.0324812
-0.0487523 0.0279534 0.0277653
-0.0287889 0.0240943 0.0233428
-0.00597463 0.0205632 0.0193157
0.010775 0.017454 0.0156646
0.018887 0.014672 0.0122891
0.022818 0.0121046 0.00910429
0.028187 0.00975025 0.00609967
0.0387093 0.007736 0.0033339
0.0562991 0.00628549 0.000909167
0.0791284 0.00564799 -0.00106675
0.101996 0.00598832 -0.00252969
0.120035 0.00732003 -0.00347985
0.13002 0.00950796 -0.0039679
0.131232 0.0123118 -0.00406735
0.127153 0.015481 -0.00382961
0.121704 0.0188376 -0.00325443
0.113075 0.0237265 -0.00231264
0.0958599 0.0344879 -0.000945109
0.0688314 0.0483531 0.000939171
0.0368758 0.0589675 0.00731379
0.00555918 0.0629725 0.0183261
-0.0236554 0.0585566 0.0329659
-0.0513171 0.0456238 0.049047
-0.0759044 0.0301867 0.0636343
-0.0967423 0.0189302 0.0708845
-0.119929 0.0140213 0.0677796
-0.154669 0.0077969 0.0640092
-0.20006 0.000187148 0.0589176
-0.239923 -0.00878146 0.0521142
-0.256561 -0.0188344 0.0437966
-0.248537 -0.0293266 0.03431
-0.232462 -0.0397129 0.023904
-0.225763 -0.0498841 0.0126012
-0.22599 -0.0599795 0.000335973
-0.211974 -0.0698489 -0.0127654
-0.170473 -0.078826 -0.0263059
-0.115997 -0.0861742 -0.0398727
-0.0773465 -0.0917302 -0.0533381
-0.0666339 -0.0959901 -0.0668434
-0.068797 -0.0995566 -0.0804888
-0.0609549 -0.102592 -0.0940894
-0.0330128 -0.104777 -0.107218
0.0114033 -0.105617 -0.1194
0.0653944 -0.104686 -0.130235
0.125158 -0.101661 -0.139398
0.187047 -0.0963083 -0.146614
0.241492 -0.0885933 -0.151704
0.272781 -0.0788927 -0.154672
0.269077 -0.0680896 -0.155737
0.236654 -0.0573011 -0.155181
0.200716 -0.0460022 -0.153082
0.186024 -0.017783 -0.148965
0.196657 0.0237807 -0.141869
0.217907 0.0663871 -0.11827
0.23662 0.1061 -0.0754836
0.25183 0.141773 -0.0145299
0.264077 0.102848 0.0589427
0.265911 0.0710641 0.112317
0.247974 0.0760334 0.116634
0.208784 0.0804257 0.12031
0.158295 0.0837707 0.123122
0.11254 0.0859506 0.125033
0.081707 0.0872079 0.126196
0.0650374 0.0879191 0.126831
0.0561892 0.0883697 0.127104
0.0471866 0.088654 0.12708
0.0291494 0.0886376 0.126699
-0.00381908 0.0879842 0.125794
-0.050469 0.0862918 0.124164
-0.102967 0.0832811 0.121671
-0.149975 0.0789348 0.118315
-0.180063 0.0735497 0.114259
-0.185673 0.0676874 0.109804
-0.165436 0.0620382 0.105314
-0.124873 0.057242 0.101124
-0.0774529 0.0537794 0.0973069
-0.0403986 0.0517843 0.0933097
-0.0238336 0.0504805 0.0889717
-0.0252215 0.0494063 0.0840948
-0.0354372 0.0481478 0.0785783
-0.0472106 0.0464561 0.0724458
-0.0589395 0.0441903 0.0657844
-0.0759216 0.0411598 0.0586482
-0.106823 0.0369647 0.0509787
-0.15481 0.0309947 0.0426127
-0.213636 0.0226304 0.033383
-0.272616 0.0114722 0.02321
-0.321345 -0.00253985 0.0121284
-0.349839 -0.0190756 0.000282743
-0.349874 -0.0373974 -0.0120812
-0.318766 -0.0564345 -0.0246561
-0.262261 -0.0749864 -0.0371564
-0.193842 -0.0920022 -0.0494166
-0.128894 -0.106806 -0.0614438
-0.0755713 -0.119116 -0.0733675
-0.0342859 -0.128894 -0.0853257
-0.0047348 -0.136241 -0.0974032
0.0132478 -0.141382 -0.109632
0.0233245 -0.144604 -0.121972
0.030804 -0.146157 -0.134288
0.0381737 -0.146232 -0.146361
0.0443677 -0.145027 -0.157948
0.0477806 -0.142795 -0.168822
0.0500604 -0.139798 -0.17876
0.055966 -0.136207 -0.187505
0.0682923 -0.132057 -0.194771
0.0838358 -0.12734 -0.200298
0.0951148 -0.12216 -0.203937
0.0962204 -0.116802 -0.20567
0.0872006 -0.111651 -0.205561
0.0719009 -0.10706 -0.203693
0.0512484 -0.103311 -0.200162
0.0214072 -0.100721 -0.195136
-0.0191493 -0.0959899 -0.180766
-0.0633858 -0.0933049 -0.158747
-0.0995612 -0.0938991 -0.131275
-0.118772 -0.0977395 -0.101282
-0.117021 -0.102792 -0.07205
-0.0946513 -0.105448 -0.0466973
-0.0573772 -0.101526 -0.0275656
-0.0151634 -0.0876162 -0.0156757
0.022749 -0.0623322 -0.0103894
0.0527077 -0.0269076 -0.00939126
0.0761276 0.0146747 -0.00844421
0.0930856 0.0585526 -0.00474669
0.0996573 0.0989259 0.00611553
0.0935732 0.101396 0.0255879
0.0779611 0.0829981 0.05147
0.0577652 0.0627474 0.0792144
0.0365359 0.0567042 0.0871674
0.0172688 0.0562235 0.0867077
0.00180715 0.0553423 0.0858769
-0.0103657 0.0541499 0.0847314
-0.0181965 0.0527444 0.0833309
-0.0149515 0.0513315 0.081792
0.00797602 0.0503273 0.0803432
0.0523265 0.0502918 0.0792895
0.109614 0.0516949 0.0788891
0.167163 0.054932 0.0789631
0.215703 0.0599663 0.0793468
0.251092 0.0664101 0.079998
0.272074 0.0737845 0.0808545
0.27821 0.081577 0.0818514
0.270385 0.089279 0.0829267
0.252242 0.0964491 0.0840413
0.229423 0.102785 0.0852057
0.208489 0.108168 0.0864954
0.193766 0.112651 0.088038
0.180832 0.116211 0.0900644
0.156877 0.11728 0.0944403
0.111997 0.116216 0.0998964
0.0485703 0.116944 0.100167
-0.0197663 0.115759 0.0995494
-0.0750117 0.112766 0.0980977
-0.104729 0.108488 0.0960822
-0.111338 0.103596 0.0938438
-0.10923 0.0985373 0.0916001
-0.109927 0.0934106 0.08938
-0.112663 0.0881684 0.0871347
-0.109869 0.0828755 0.0848762
-0.0995028 0.0777276 0.0826871
-0.0904144 0.0728277 0.0806014
-0.0953071 0.0674091 0.0784923
-0.1194 0.0606158 0.0760928
-0.15597 0.0519762 0.0731401
-0.191225 0.0412475 0.0695153
-0.214443 0.0285447 0.0652717
-0.225584 0.0142081 0.0605367
-0.231154 -0.00107093 0.0549065
-0.232544 -0.0166816 0.0479437
-0.224098 -0.0321917 0.0396042
-0.204077 -0.0470485 0.029938
-0.180475 -0.0607733 0.0189999
-0.161151 -0.0731363 0.00678588
-0.14293 -0.0840413 -0.00668269
-0.115513 -0.0932647 -0.0212277
-0.0743971 -0.100392 -0.0365057
-0.0274769 -0.105051 -0.052141
0.0105721 -0.10721 -0.0678682
0.0296332 -0.107282 -0.0835565
0.0298124 -0.105958 -0.0991171
0.0190813 -0.103949 -0.114391
0.00702391 -0.101787 -0.129099
-0.00226989 -0.099813 -0.14289
-0.0113309 -0.0983038 -0.155438
-0.0211112 -0.0975324 -0.166496
-0.0247912 -0.0976313 -0.175831
-0.013939 -0.0984282 -0.183163
0.0121227 -0.0994949 -0.188208
0.0470046 -0.100353 -0.190777
0.0840383 -0.100618 -0.190822
0.118545 -0.100024 -0.188416
0.146051 -0.098438 -0.183724
0.163071 -0.0971369 -0.175293
0.170274 -0.0994906 -0.158995
0.171445 -0.0944796 -0.136786
0.168025 -0.0724038 -0.110241
0.157477 -0.0356599 -0.0798416
0.138291 0.0109535 -0.0450842
0.113566 0.0611167 -0.00503192
0.0884229 0.107907 0.0409795
0.0659507 0.0719522 0.0901283
0.0459883 0.0647435 0.100204
0.0280266 0.0642953 0.100337
0.0157031 0.0635271 0.1001
0.0153488 0.0626721 0.0996236
0.0271325 0.0620542 0.0990888
0.041566 0.0618722 0.0986081
0.0485257 0.0620578 0.0981533
0.0458613 0.062374 0.0976075
0.0383076 0.0626165 0.0968733
0.0318454 0.0627255 0.0959315
0.0301369 0.0627724 0.0948327
0.0352002 0.0629067 0.093669
0.0486664 0.0633291 0.0925594
0.0705413 0.0642632 0.0916351
0.0976041 0.0661876 0.0906052
0.122985 0.0691695 0.0894687
0.137508 0.0729524 0.0882476
0.134525 0.0770522 0.0868633
0.114895 0.0808998 0.0852002
0.0858375 0.0840374 0.0831966
0.0551008 0.0862206 0.0808863
0.0265712 0.0873789 0.0783684
0.000890272 0.0875222 0.0757526
-0.0209066 0.0867036 0.0731369
-0.0355711 0.0850548 0.0706268
-0.0394063 0.0828204 0.0683564
-0.0340459 0.0802899 0.0664561
-0.0295425 0.0776068 0.0649566
-0.0365633 0.0746418 0.0637263
-0.0563472 0.0711098 0.0625356
-0.0801173 0.0643555 0.0634506
-0.0961277 0.0567897 0.0631896
-0.0980917 0.0486108 0.0620089
-0.0889483 0.0406811 0.0594756
-0.0761756 0.0326413 0.0566139
-0.0637429 0.0247758 0.0533408
-0.0504278 0.0173168 0.0495736
-0.0346955 0.010512 0.0452768
-0.0175517 0.00459521 0.0404503
-0.00143548 -0.000277329 0.035105
0.0116008 -0.00405661 0.0292562
0.0213104 -0.00678154 0.0229386
0.0287271 -0.00853568 0.016225
0.0346955 -0.00942213 0.00922898
0.0389462 -0.00957042 0.00208899
0.0390423 -0.00917743 -0.00506284
0.0327295 -0.00853851 -0.0121238
0.0220194 -0.00798536 -0.018998
0.0112152 -0.00777604 -0.025558
0.00302484 -0.00805394 -0.0316481
-0.00155733 -0.00886907 -0.0371141
-0.00264046 -0.0102064 -0.0418268
-0.000593034 -0.0120043 -0.0456924
0.00440346 -0.0141596 -0.0486524
0.010659 -0.0165532 -0.0506905
0.0151689 -0.0191044 -0.0518493
0.0167256 -0.0217836 -0.0522233
0.0165615 -0.0245646 -0.0519245
0.0161835 -0.0273861 -0.0510585
0.0162116 -0.0301591 -0.0497197
0.0165031 -0.0339174 -0.0464811
0.0162621 -0.0380532 -0.042118
0.0142943 -0.0419066 -0.0375397
0.0106737 -0.0448853 -0.0336205
0.00843577 -0.0465168 -0.0310234
0.0114679 -0.0464599 -0.0300646
0.0209262 -0.0451312 -0.0298926
0.0343419 -0.0427716 -0.0298776
0.0461016 -0.0357909 -0.0298773
0.0495317 -0.0226192 -0.0297038
0.0411677 -0.00478719 -0.0291259
0.0237015 0.0150036 -0.0278687
0.00322196 0.0315066 -0.0229502
-0.0176001 0.040755 -0.0128351
-0.0412054 0.0407652 0.00202539
-0.0690992 0.0311073 0.0197455
-0.097453 0.0137428 0.0372951
-0.119819 -0.00255138 0.0512927
-0.131575 -0.0154109 0.0589361
-0.131953 -0.0232034 0.0585674
-0.12442 -0.0279666 0.0534173
-0.114507 -0.0317253 0.0465474
-0.10661 -0.0344866 0.0381035
-0.10248 -0.0364015 0.0282423
-0.100471 -0.0376849 0.0171654
-0.0970101 -0.0385224 0.00514634
-0.0899474 -0.039032 -0.00747814
-0.0792829 -0.0392889 -0.0203454
-0.0665721 -0.0393663 -0.0331043
-0.0556845 -0.0393935 -0.0454536
-0.0511111 -0.0396125 -0.0571729
-0.0541909 -0.0403596 -0.0681151
-0.0624554 -0.0419683 -0.0781659
-0.0722134 -0.0446781 -0.0872169
-0.0804606 -0.0485965 -0.0951671
-0.0852984 -0.0537 -0.101939
-0.0861087 -0.059856 -0.107493
-0.0829396 -0.066849 -0.111839
-0.0749018 -0.0743844 -0.115023
-0.0590493 -0.0820504 -0.117098
-0.0325616 -0.0892892 -0.118093
0.0023296 -0.0954734 -0.118038
0.0381943 -0.10008 -0.117024
0.069446 -0.102791 -0.115208
0.0976831 -0.103414 -0.112744
0.128688 -0.101727 -0.10969
0.164987 -0.0974366 -0.105995
0.202408 -0.0903111 -0.101575
0.233207 -0.0634203 -0.0943938
0.250567 -0.0166205 -0.0830309
0.250821 0.0439166 -0.0638242
0.234065 0.109704 -0.0330539
0.203603 0.137576 0.0109517
0.16454 0.102071 0.0645044
0.122676 0.0742814 0.106257
0.0830701 0.0754919 0.107503
0.0486561 0.0757792 0.108076
0.0206597 0.0752903 0.108064
-0.00115239 0.0741882 0.107562
-0.0189787 0.0726057 0.106647
-0.0353032 0.0706135 0.105361
-0.0505171 0.0682444 0.103724
-0.0634923 0.0655422 0.101764
-0.0737756 0.0625729 0.0995185
-0.0813327 0.05941 0.0970276
-0.0850547 0.0561429 0.0943416
-0.0834478 0.0528971 0.0915292
-0.0770683 0.0498112 0.0886666
-0.0709945 0.0469474 0.0857898
-0.0739439 0.0437859 0.0826981
-0.0911526 0.0400934 0.0785493
-0.117556 0.0354522 0.0732054
-0.140083 0.0296416 0.0666636
-0.148392 0.022798 0.0590899
-0.142288 0.0153043 0.0507262
-0.128059 0.00756372 0.0417732
-0.111853 -0.000132394 0.0323506
-0.096629 -0.00760938 0.0225253
-0.0820675 -0.014748 0.0123605
-0.0678425 -0.0214452 0.00194025
-0.055633 -0.0276421 -0.00864543
-0.0465033 -0.0333501 -0.0193127
-0.0390423 -0.0386102 -0.0299644
-0.0301207 -0.0434224 -0.0404636
-0.016169 -0.0476918 -0.0506216
0.0043166 -0.0512268 -0.0602112
0.0287576 -0.0538164 -0.0690125
0.0520896 -0.0553392 -0.0768606
0.069288 -0.055831 -0.083665
0.0759868 -0.0555104 -0.0894085
0.0700949 -0.0547614 -0.0941321
0.0531403 -0.0540549 -0.0979018
0.0279607 -0.0538609 -0.100782
-0.0018591 -0.0545862 -0.102832
-0.0296545 -0.0564807 -0.10408
-0.0475643 -0.0595262 -0.104503
-0.0514441 -0.0634227 -0.104034
-0.0429187 -0.0677003 -0.102625
-0.0283631 -0.0737865 -0.097761
-0.0148008 -0.0806248 -0.0905003
-0.00460123 -0.0869945 -0.0823687
0.00506613 -0.091724 -0.0748668
0.0179994 -0.0938012 -0.0691566
0.0347985 -0.0925412 -0.0658709
0.0516742 -0.0835079 -0.0647321
0.0622597 -0.0638031 -0.0635937
0.0618614 -0.0351817 -0.0619708
0.0519695 -0.0015757 -0.0583814
0.0395539 0.0303835 -0.0487157
0.0309578 0.055948 -0.0310369
0.0271964 0.0723979 -0.00490781
0.023308 0.0793064 0.0282916
0.0124282 0.0634725 0.0649894
-0.00599558 0.0459783 0.0858343
-0.022956 0.0442688 0.0848596
-0.0277804 0.0423649 0.083582
-0.0184533 0.0406204 0.0821969
-0.0024303 0.0393167 0.0808605
0.0110205 0.0385079 0.0796087
0.0175236 0.0379733 0.0783785
0.01834 0.0374411 0.0770836
0.0167414 0.0368211 0.0756698
0.015207 0.0362612 0.0738793
0.0160101 0.0362016 0.0711787
0.0218827 0.0366758 0.0677245
0.0337774 0.0377817 0.063729
0.0487488 0.0396097 0.0594152
0.0622665 0.042149 0.0549723
0.0722271 0.0452727 0.0505565
0.0793551 0.0487993 0.0463203
0.0855319 0.0525586 0.0424331
0.0923715 0.0564254 0.0390788
0.0978685 0.0619334 0.0364444
0.0953689 0.0693893 0.03468
0.0797224 0.0729094 0.0337895
0.0531506 0.0732935 0.0336342
0.0227978 0.0721364 0.0340724
-0.00586304 0.0679441 0.0370639
-0.030725 0.0603869 0.0425931
-0.050627 0.0504107 0.0492741
-0.0652056 0.0394082 0.0554354
-0.0754031 0.0287877 0.0594226
-0.0808143 0.0197277 0.0599056
-0.0786821 0.0124726 0.0569175
-0.0683713 0.00561816 0.0528517
-0.0540536 -0.000495205 0.0477675
-0.0401754 -0.00565694 0.0417104
-0.0262903 -0.00975528 0.0347475
-0.00991904 -0.0126856 0.0270169
0.00654974 -0.0143801 0.0187045
0.0170937 -0.0149373 0.00997595
0.0187212 -0.0146591 0.000963057
0.0123853 -0.0139663 -0.00819869
0.000936727 -0.0132973 -0.0173436
-0.0116598 -0.0130263 -0.0262698
-0.0224915 -0.0134172 -0.0347532
-0.0306392 -0.0146308 -0.0425806
-0.0354887 -0.0167381 -0.0495737
-0.035856 -0.0197072 -0.0555912
-0.0299247 -0.0233786 -0.0605195
-0.0163775 -0.0274563 -0.064268
0.00302769 -0.0315614 -0.0667865
0.0234281 -0.0353441 -0.0681002
0.0407831 -0.0385621 -0.0683153
0.0530888 -0.041083 -0.0675892
0.0573429 -0.0429008 -0.0661161
0.0511317 -0.0441652 -0.0641259
0.0369376 -0.0460104 -0.0606416
0.0194659 -0.0484856 -0.0560261
-3.0975e-05 -0.0512322 -0.0510791
-0.0237876 -0.0539072 -0.0466403
-0.052227 -0.0563047 -0.0434815
-0.0803679 -0.0583255 -0.0421599
-0.100667 -0.0598755 -0.0428984
-0.10899 -0.0616631 -0.0444621
-0.108097 -0.0636009 -0.0465081
-0.105082 -0.0655303 -0.0489382
-0.104028 -0.0674261 -0.0517261
-0.10169 -0.069284 -0.0548419
-0.0907337 -0.0709441 -0.0581695
-0.0674477 -0.0720409 -0.0615015
-0.0362955 -0.0721481 -0.0646207
-0.00576553 -0.0709846 -0.0673837
0.0187823 -0.0684901 -0.0697248
0.0363676 -0.0647671 -0.0716034
0.0466681 -0.060022 -0.0729727
0.0488896 -0.0498545 -0.0737176
0.0449788 -0.0330527 -0.0735687
0.0414595 -0.011716 -0.0720846
0.0444089 0.0107658 -0.0671252
0.0500879 0.0294668 -0.0539932
0.0450475 0.042859 -0.0325288
0.0226796 0.0499335 -0.00412953
-0.0026189 0.0503404 0.0285435
-0.00720554 0.0454713 0.0621002
0.0144155 0.0441994 0.0833432
0.0428535 0.0437555 0.0828649
0.0579815 0.0440016 0.082575
0.0608485 0.0445858 0.0822947
0.0658648 0.045364 0.0819586
0.0789911 0.0464677 0.0816504
0.092289 0.0480017 0.0814395
0.0967972 0.0498406 0.0812734
0.0921517 0.051731 0.0810322
0.0823353 0.0536099 0.0804314
0.0685636 0.0556542 0.0789937
0.0487385 0.0576289 0.0767664
0.0197474 0.0592184 0.0737724
-0.0217406 0.0600175 0.069992
-0.076852 0.0595658 0.0653668
-0.138494 0.057497 0.0598655
-0.18956 0.0535653 0.0536058
-0.212692 0.046312 0.0468949
-0.202384 0.0365376 0.0401261
-0.16646 0.0253677 0.0336157
-0.119905 0.0138759 0.0274815
-0.0783284 0.00281331 0.0216141
-0.0510184 -0.00747224 0.015741
-0.0368037 -0.0168999 0.00956319
-0.0271844 -0.0254137 0.00289176
-0.0137862 -0.0328226 -0.00429564
0.00502527 -0.0388318 -0.0119012
0.0230494 -0.0432326 -0.0198102
0.0326416 -0.0460725 -0.0279589
0.0320308 -0.0476446 -0.0363086
0.0248366 -0.048338 -0.0447753
0.0136303 -0.0485421 -0.0532131
-0.00293712 -0.0486785 -0.0614667
-0.0254797 -0.0492283 -0.0694102
-0.0477497 -0.0506025 -0.0769078
-0.0579575 -0.0529045 -0.0837359
-0.0481445 -0.0558143 -0.0895758
-0.0206498 -0.0587297 -0.0941118
0.0155483 -0.0610284 -0.0971435
0.0514647 -0.0622485 -0.0986203
0.0801722 -0.0621556 -0.098615
0.0973535 -0.060752 -0.0972824
0.102978 -0.0582192 -0.0948067
0.100667 -0.0548319 -0.0913108
0.0953964 -0.0451496 -0.083946
0.0929895 -0.0279499 -0.0724478
0.0983354 -0.00514528 -0.0562223
0.111149 0.0214894 -0.0345972
0.124059 0.0504106 -0.00715624
0.127579 0.0799705 0.0259945
0.118974 0.0794993 0.0631364
0.104289 0.0596105 0.0926586
0.0907028 0.0609738 0.0932969
0.0793345 0.0620708 0.0936464
0.065961 0.0628959 0.0937158
0.0468467 0.063336 0.0934553
0.02187 0.0632259 0.0927866
-0.00697104 0.0624268 0.0916443
-0.0360346 0.0608772 0.0900029
-0.0587781 0.0586559 0.0879101
-0.0689653 0.0560167 0.0855056
-0.0656279 0.0533135 0.0829811
-0.0526253 0.0508623 0.0805075
-0.0351796 0.049008 0.0779863
-0.0173824 0.0481748 0.0749727
-0.00133494 0.0482014 0.0715468
0.0131201 0.0485302 0.0677991
0.0277255 0.0492004 0.063848
0.042596 0.0502578 0.0598375
0.054318 0.0516847 0.0558957
0.0590459 0.0533238 0.0521012
0.056021 0.054893 0.048495
0.0473445 0.0560698 0.0451137
0.0356432 0.0565643 0.0420045
0.0219641 0.0561376 0.0392089
0.00502973 0.0545647 0.0367273
-0.0154604 0.0516181 0.0345046
-0.0342897 0.0471683 0.0324748
-0.0429256 0.0413507 0.0306264
-0.0361788 0.0346242 0.0290099
-0.0149134 0.0276712 0.0276842
0.0159788 0.0212303 0.0266633
0.0500158 0.0159504 0.0258961
0.0807971 0.0122869 0.0252748
0.103616 0.0104509 0.0246604
0.115585 0.010405 0.0239142
0.115108 0.01188 0.0229196
0.10272 0.014421 0.0215975
0.0814701 0.0174755 0.0199269
0.0554613 0.0204915 0.0179529
0.0282017 0.0232059 0.0157761
0.00259703 0.0253693 0.0135328
-0.0180757 0.0257349 0.0113664
-0.030691 0.0248745 0.00941628
-0.0340456 0.0229223 0.00781128
-0.0300514 0.0201317 0.00663513
-0.023456 0.0167658 0.00589081
-0.0187174 0.0130104 0.0054909
-0.01611 0.00890325 0.00541701
-0.0124585 0.00450919 0.00567242
-0.00524021 0.000343344 0.00581302
0.00597326 -0.00313743 0.00557657
0.0193732 -0.00587801 0.00523421
0.0293695 -0.0077164 0.00472848
0.0286371 -0.00874198 0.00394032
0.014374 -0.00931119 0.00270722
-0.00951972 -0.00990519 0.000896778
-0.0371711 -0.0109679 -0.00154183
-0.0650992 -0.0128476 -0.00459277
-0.0910564 -0.0157963 -0.00820991
-0.111139 -0.0199265 -0.0123208
-0.120286 -0.0251331 -0.0168091
-0.115112 -0.0310624 -0.021516
-0.0958633 -0.037168 -0.0262704
-0.0680176 -0.0428564 -0.0309411
-0.0414286 -0.0476895 -0.0354933
-0.0234975 -0.0515061 -0.0399924
-0.0123815 -0.0543249 -0.0445147
-0.000904315 -0.0561354 -0.0490415
0.0111654 -0.0568757 -0.0534729
0.0150487 -0.0566476 -0.057747
0.00671867 -0.0558209 -0.0618785
-0.00648554 -0.0548243 -0.0658519
-0.0172976 -0.0539302 -0.069553
-0.0286093 -0.0533343 -0.0728536
-0.0500158 -0.0533949 -0.0757433
-0.0847559 -0.0546895 -0.0783421
-0.117776 -0.057668 -0.0807324
-0.124595 -0.0621381 -0.0827631
-0.0988299 -0.0672154 -0.0841061
-0.0635816 -0.071963 -0.084583
-0.049487 -0.0761028 -0.0844124
-0.0632931 -0.0800354 -0.0840788
-0.0819714 -0.0841597 -0.0839415
-0.0793242 -0.088251 -0.0839957
-0.0544999 -0.0915778 -0.0840268
-0.029844 -0.0935662 -0.0839493
-0.0219263 -0.0942063 -0.0839222
-0.0219466 -0.0937489 -0.0841194
-0.0095338 -0.0921427 -0.0844652
0.0190559 -0.0889671 -0.0846722
0.0436054 -0.0801315 -0.0844764
0.0416278 -0.062392 -0.0837252
0.0120224 -0.0386689 -0.0822466
-0.0260877 -0.014936 -0.0781805
-0.0540296 0.00180052 -0.068034
-0.0676262 0.00838256 -0.0513592
-0.0721687 0.00466977 -0.0293975
-0.0712863 -0.00695397 -0.00493817
-0.0627094 -0.0223503 0.0183293
-0.0421977 -0.0363916 0.0367058
-0.012067 -0.0439357 0.0473435
0.0160681 -0.0412294 0.0488861
0.0315233 -0.0300642 0.0456057
0.0356397 -0.0129858 0.04064
0.0390561 0.00834799 0.0346672
0.051324 0.0321002 0.0286113
0.0749327 0.0569788 0.0235047
0.103513 0.0823147 0.0203141
0.123252 0.0918716 0.0195389
0.122243 0.0929973 0.0210497
0.102751 0.0906296 0.0267026
0.0808933 0.0830909 0.038272
0.0697035 0.0721747 0.0536464
0.0617618 0.0602033 0.070123
0.0338327 0.0524045 0.0802841
-0.022944 0.0515065 0.079151
-0.0791147 0.0491184 0.0771238
-0.0861671 0.0459112 0.0745661
-0.0278879 0.0434392 0.0723116
0.0529343 0.042408 0.0709975
0.0901465 0.0434218 0.0699541
0.0601961 0.045407 0.0682447
0.0047475 0.0467547 0.0653306
-0.0177629 0.046985 0.0614093
0.00527901 0.0468509 0.0571852
0.0369685 0.0471581 0.0531798
0.0457514 0.0478863 0.0494189
0.0444947 0.0486201 0.0457937
0.0609618 0.049427 0.042484
0.0845671 0.0507023 0.0397855
0.0735421 0.052124 0.0376039
0.0175496 0.0523808 0.0354456
-0.0390629 0.0503285 0.0330201
-0.0528278 0.046091 0.0306107
-0.0366732 0.0406082 0.0286591
-0.0368998 0.0343081 0.0271297
-0.0658854 0.0267658 0.0255282
-0.0833654 0.017794 0.0235358
-0.0493051 0.00844868 0.0214002
0.0235483 0.000571545 0.0195778
0.0835371 -0.00461652 0.0181083
0.094823 -0.00729004 0.0164751
0.0628434 -0.00856606 0.0140227
0.0134106 -0.00962528 0.0103839
-0.0361204 -0.0112974 0.00553699
-0.0820469 -0.0141478 -0.000381571
-0.119764 -0.0185469 -0.00718971
-0.134961 -0.0244401 -0.0145954
-0.116107 -0.0311339 -0.0221474
-0.0730271 -0.0375724 -0.0293984
-0.0350286 -0.0430283 -0.0361822
-0.0277341 -0.0476017 -0.0427138
-0.0539506 -0.0520872 -0.0493974
-0.0947783 -0.0573768 -0.0565182
-0.124502 -0.0638735 -0.0640533
-0.126487 -0.0712671 -0.0716983
-0.0991114 -0.0787031 -0.0790379
-0.0476123 -0.0850695 -0.0856877
0.0250512 -0.0891317 -0.0913017
0.113161 -0.0896269 -0.0955483
0.197677 -0.0856127 -0.0982013
0.249523 -0.0770074 -0.0992958
0.247696 -0.0648781 -0.0991487
0.193498 -0.0328177 -0.0978854
0.108694 0.0116979 -0.0950123
0.0230034 0.055706 -0.0870569
-0.040117 0.0836858 -0.0654993
-0.0737687 0.0897885 -0.0301795
-0.0884161 0.0745331 0.015481
-0.0974908 0.0434145 0.0649068
-0.10019 0.0232473 0.084596
-0.0870255 0.0182822 0.0823319
-0.0621601 0.012811 0.0801143
-0.0483402 0.00719076 0.0779306
-0.0636228 0.00109587 0.075476
-0.0977346 -0.00617357 0.0723899
-0.117199 -0.0148655 0.0686264
-0.0936865 -0.0236532 0.063847
-0.0291374 -0.0298045 0.0570682
0.0434338 -0.0319994 0.0487829
0.0859165 -0.0299933 0.0391351
0.0828813 -0.0247548 0.0280385
0.0440793 -0.0179457 0.0154847
-0.0134906 -0.0113362 0.00171937
-0.0786649 -0.00653356 -0.012815
-0.14168 -0.00485656 -0.0275943
-0.185879 -0.00706109 -0.0420232
-0.194415 -0.0130332 -0.0554142
-0.164901 -0.021829 -0.0670961
-0.111561 -0.0321133 -0.0766186
-0.053257 -0.042642 -0.0838711
-0.00218786 -0.0524847 -0.0890287
0.0372741 -0.0610141 -0.092411
0.063791 -0.0678539 -0.0943765
0.0773121 -0.0728558 -0.0952713
0.082689 -0.0760112 -0.0953735
0.0911354 -0.077234 -0.0948049
0.112856 -0.0761752 -0.0934873
0.146865 -0.0723046 -0.0912241
0.180643 -0.0627805 -0.0878183
0.199885 -0.0354017 -0.0823233
0.196448 0.00524602 -0.0711579
0.169807 0.0526071 -0.0517821
0.126095 0.0984311 -0.0220107
0.0767044 0.117703 0.0184688
0.0341032 0.0819371 0.0657655
0.00539952 0.0579554 0.0959981
-0.00968007 0.0564501 0.095328
-0.0139252 0.0547704 0.0943889
-0.00719421 0.0532102 0.0933426
0.0135081 0.0521062 0.0923742
0.0462389 0.0518089 0.0916776
0.0746374 0.052419 0.091315
0.0739027 0.0534767 0.0910507
0.0333692 0.0540386 0.0903915
-0.0314903 0.0532257 0.0888785
-0.0913483 0.0507685 0.086377
-0.122775 0.0471166 0.0831337
-0.119661 0.0431242 0.0796086
-0.0914856 0.0393453 0.0754793
-0.0518252 0.0356469 0.0707773
-0.0104917 0.0327266 0.0656571
0.0247655 0.0310159 0.0601881
0.0473136 0.0306091 0.0543855
0.0551626 0.0312707 0.0482495
0.0500227 0.0325369 0.0418147
0.0326684 0.0337867 0.03515
0.00392655 0.0342748 0.0283278
-0.0291054 0.0332811 0.0214444
-0.0514201 0.0304287 0.0146997
-0.0481651 0.0259697 0.00844125
-0.0169536 0.0207539 0.00307762
0.0275672 0.0158104 -0.00111685
0.0628777 0.0118097 -0.00415691
0.0722443 0.00876168 -0.00634181
0.0521686 0.00608136 -0.00811172
0.0120303 0.00291879 -0.00986682
-0.0310258 -0.00142437 -0.0118335
-0.0587541 -0.00715046 -0.0140135
-0.0600107 -0.0138345 -0.0162291
-0.0370955 -0.0206003 -0.0182597
-0.00307528 -0.0265079 -0.0199935
0.0276194 -0.0308949 -0.0214891
0.0467917 -0.0334994 -0.0229198
0.054215 -0.0343761 -0.024461
0.0533841 -0.0337488 -0.026206
0.0459162 -0.0319436 -0.0281613
0.0315147 -0.0294009 -0.030288
0.0125 -0.0266329 -0.0325142
-0.00510458 -0.024081 -0.034708
-0.0173642 -0.0220156 -0.0366833
-0.0268531 -0.020268 -0.038269
-0.0367728 -0.0196995 -0.0393759
-0.0437256 -0.0200596 -0.0399642
-0.0422114 -0.021231 -0.0399748
-0.034905 -0.0234203 -0.0387121
-0.0328589 -0.026703 -0.0359185
-0.0424312 -0.0307392 -0.03239
-0.0548433 -0.0351629 -0.0290289
-0.0546888 -0.0393073 -0.0265484
-0.0376415 -0.0422373 -0.025363
-0.0130288 -0.0431467 -0.0256404
0.0110133 -0.0425667 -0.0261065
0.0368209 -0.0402423 -0.0266796
0.0671249 -0.0328955 -0.0271407
0.0932298 -0.0173399 -0.0271144
0.102026 0.00604981 -0.0261558
0.0913826 0.0348379 -0.023766
0.071537 0.0622381 -0.0155279
0.0531746 0.083237 0.000435207
0.0385513 0.0935823 0.0241996
0.0221722 0.0706318 0.0532242
-0.0019128 0.0469934 0.082495
-0.0330492 0.0448015 0.081957
-0.064797 0.0423576 0.0801618
-0.0900985 0.039217 0.0778457
-0.103901 0.0344578 0.0751307
-0.106061 0.0277798 0.0721585
-0.103232 0.0195255 0.0690156
-0.104159 0.00991043 0.0656756
-0.112361 -6.3132e-05 0.0607156
-0.122861 -0.0101643 0.053679
-0.125539 -0.0202375 0.0445715
-0.11118 -0.0298169 0.0336106
-0.0755267 -0.0381081 0.0211899
-0.0227888 -0.0441495 0.0077947
0.0347299 -0.0471209 -0.00610632
0.0825585 -0.0466496 -0.0201291
0.109014 -0.0429816 -0.0339777
0.109848 -0.0369574 -0.0473963
0.092162 -0.0297502 -0.0600744
0.069779 -0.0224756 -0.0715667
0.0531815 -0.0159332 -0.0813178
0.0456621 -0.0105769 -0.0887772
0.0476638 -0.00656901 -0.0934982
0.0606425 -0.00378027 -0.0951617
0.0838255 -0.00180684 -0.093583
0.110301 0.00141577 -0.0874407
0.131805 0.00686793 -0.0718639
0.144564 0.0162873 -0.0481805
0.144128 0.03055 -0.0181638
0.117474 0.0488269 0.0161473
0.0507918 0.0676547 0.0524568
-0.0521068 0.0533807 0.0872419
-0.164684 0.0482254 0.0860545
-0.25229 0.0413927 0.0820219
-0.290416 0.0320884 0.0769505
-0.270371 0.0182366 0.0715697
-0.193388 0.00207352 0.0666309
-0.0694872 -0.0135128 0.0628161
0.0740331 -0.025441 0.0603649
0.192018 -0.029986 0.0569497
0.243305 -0.0269313 0.0520324
0.219174 -0.0179632 0.0450089
0.146456 -0.00576573 0.0356417
0.062809 0.00971878 0.0243432
-0.00634408 0.0272068 0.0121112
-0.0499094 0.0399692 0.000158717
-0.0625584 0.0445704 -0.0104427
-0.0431145 0.0461148 -0.018837
-0.00166806 0.0454591 -0.0244169
0.0354406 0.0433805 -0.0270044
0.0369307 0.0399073 -0.0269809
-0.00694185 0.0339138 -0.0248047
-0.0735147 0.0216281 -0.0177224
-0.130775 0.00391206 -0.00804315
-0.162514 -0.0170328 0.00156174
-0.165464 -0.0382399 0.00837334
-0.136142 -0.0565453 0.0101169
-0.0706786 -0.0698671 0.00669447
0.0255978 -0.0785955 0.00183038
0.130926 -0.0807762 -0.00416941
0.211607 -0.075457 -0.0111305
0.239109 -0.063225 -0.0190533
0.208973 -0.0453566 -0.0279312
0.142933 -0.0102061 -0.0372226
0.0706683 0.0327265 -0.0456059
0.0139895 0.0735923 -0.0513671
-0.0133364 0.104716 -0.0528735
-0.00340397 0.121405 -0.0477604
0.0399556 0.116931 -0.0254425
0.0960899 0.0948484 0.0109034
0.135544 0.0639065 0.0548191
0.138555 0.0431786 0.0866518
0.10763 0.0452053 0.0876373
0.0613326 0.0462856 0.087933
0.0166844 0.0462238 0.087447
-0.0196437 0.0451477 0.0862583
-0.0470046 0.0432867 0.084498
-0.0662975 0.0408684 0.0822943
-0.0810066 0.0380623 0.079743
-0.0970376 0.0337123 0.0768606
-0.116869 0.0269876 0.0735831
-0.13459 0.0179358 0.0696396
-0.140028 0.00775122 0.0637426
-0.129172 -0.00296848 0.0560016
-0.109772 -0.0135058 0.0465522
-0.0942976 -0.0233684 0.0354539
-0.0864143 -0.0323922 0.0227309
-0.0767387 -0.0404872 0.00853154
-0.053154 -0.0473146 -0.00676086
-0.0152169 -0.0522795 -0.0225963
0.0225464 -0.0549088 -0.0384526
0.0429153 -0.0552717 -0.0539711
0.0412672 -0.0540333 -0.0689051
0.0294529 -0.0520734 -0.0829442
0.0251765 -0.0499895 -0.0955934
0.0369033 -0.0478902 -0.106231
0.059609 -0.0455746 -0.114295
0.0834924 -0.0428272 -0.11942
0.102538 -0.0395571 -0.121449
0.115043 -0.0357825 -0.120369
0.121093 -0.0315842 -0.116272
0.120701 -0.0168663 -0.104651
0.112296 -0.000912707 -0.0841146
0.095053 0.0166731 -0.0554883
0.0737104 0.0340049 -0.0202803
0.056694 0.0497005 0.01942
0.0483643 0.0633983 0.0610559
0.0470802 0.0526579 0.09075
0.0506853 0.0527021 0.0906103
0.0591111 0.0529889 0.0904475
0.0695833 0.0536058 0.0903177
0.073343 0.0544834 0.0901936
0.0624313 0.0553248 0.0899266
0.0384415 0.0557467 0.0893221
0.00970719 0.0555008 0.0882569
-0.0193591 0.0545135 0.0866996
-0.0519866 0.0527281 0.0846267
-0.0925603 0.0499866 0.0819578
-0.138185 0.0461121 0.0786008
-0.176375 0.0411386 0.074574
-0.192667 0.0341328 0.0675568
-0.182343 0.0238691 0.0601091
-0.15413 0.0119688 0.0517105
-0.123163 -0.000546386 0.0424054
-0.101608 -0.0129939 0.0320646
-0.0934633 -0.0250857 0.0204906
-0.0935972 -0.0367644 0.0075561
-0.0922925 -0.0479509 -0.00669428
-0.0846529 -0.0584251 -0.0220471
-0.0739439 -0.0679374 -0.0382167
-0.0648554 -0.0763657 -0.0549194
-0.0572433 -0.0837157 -0.0718561
-0.0455522 -0.0899672 -0.0886509
-0.0227991 -0.0948987 -0.104813
0.0122645 -0.0980606 -0.119778
0.0526527 -0.0989626 -0.13301
0.0874032 -0.0973439 -0.144096
0.105649 -0.0933833 -0.15278
0.101292 -0.0877686 -0.158947
0.078349 -0.0815289 -0.162549
0.0492536 -0.075672 -0.163505
0.0261777 -0.0674044 -0.16162
0.0142854 -0.0559285 -0.155051
0.0105226 -0.0467981 -0.138467
0.00726563 -0.0402803 -0.112925
0.00104869 -0.0356215 -0.0806882
-0.00379917 -0.031417 -0.0447937
-0.003645 -0.0258166 -0.00851755
-0.00194827 -0.0170085 0.025097
-0.0041178 -0.00399212 0.0536427
-0.0113676 0.0128668 0.0756646
-0.0213928 0.0389397 0.081061
-0.0308792 0.0491808 0.0792876
-0.0377307 0.047354 0.0774214
-0.0451265 0.0453766 0.0753885
-0.0593343 0.0431482 0.073138
-0.0794306 0.0404957 0.0705803
-0.0951869 0.0355771 0.0666631
-0.0970307 0.0292713 0.0614864
-0.0835886 0.0218942 0.0552371
-0.0595403 0.0142132 0.0480856
-0.0285403 0.00704921 0.0401738
0.00868744 0.00123427 0.0316692
0.0480862 -0.00247027 0.0227843
0.0794684 -0.00361328 0.0137231
0.0936865 -0.00228063 0.00464587
0.0900126 0.000922556 -0.00428077
0.0737996 0.00509173 -0.0128139
0.0481411 0.00919462 -0.0206538
0.0116207 0.0120894 -0.0275453
-0.0354784 0.0125528 -0.0333486
-0.0859783 0.00948472 -0.0380235
-0.127359 0.00224216 -0.0415735
-0.148149 -0.00908964 -0.0440257
-0.144605 -0.0236639 -0.0454756
-0.122888 -0.0405679 -0.04556
-0.0936968 -0.0580162 -0.045063
-0.0629773 -0.0736951 -0.0457192
-0.0295539 -0.0868842 -0.0472543
0.00724125 -0.0964999 -0.0498646
0.0413153 -0.101659 -0.0536981
0.06387 -0.10201 -0.0587883
0.0713069 -0.0978238 -0.0650362
0.065882 -0.0898713 -0.0721579
0.0512965 -0.0792387 -0.0796824
0.031329 -0.0607244 -0.0868939
0.0098126 -0.0371778 -0.0928196
-0.0111932 -0.0130034 -0.0964099
-0.0305204 0.00763439 -0.0967555
-0.045099 0.0203673 -0.0918179
-0.0522682 0.0193156 -0.0758802
-0.0527111 0.00606742 -0.0510936
-0.0481583 -0.0149371 -0.0216084
-0.0388466 -0.0375542 0.00738176
-0.0239473 -0.0553205 0.0308381
-0.00412501 -0.0629923 0.0450075
0.0167692 -0.0572565 0.0482347
0.0337932 -0.0401544 0.044404
0.0440484 -0.0154706 0.0380339
0.047142 0.0143144 0.0303823
0.0420569 0.0456769 0.0228459
0.026256 0.0743751 0.0167394
0.00186051 0.0933208 0.0130559
-0.0224012 0.0911069 0.0121722
-0.0394681 0.0846651 0.0158809
-0.0488209 0.0717653 0.0260603
-0.0525532 0.0535049 0.0401635
-0.0515231 0.0329656 0.0548275
-0.0454218 0.0134258 0.0665504
-0.0350629 0.00242508 0.0661087
-0.0231954 -0.00714129 0.063669
-0.0114813 -0.0148553 0.0592594
0.000558871 -0.0198151 0.05217
0.012774 -0.0218692 0.0426176
0.0236015 -0.0211086 0.0310087
0.0303456 -0.0179028 0.017892
0.0292263 -0.0129372 0.0038964
0.0182872 -0.00720059 -0.0103219
-0.000547746 -0.00185968 -0.0241077
-0.0225832 0.0019451 -0.0368299
-0.0411848 0.00332512 -0.0479123
-0.0504587 0.00182978 -0.0568738
-0.049748 -0.00251834 -0.063396
-0.0426578 -0.00934297 -0.0673923
-0.0308462 -0.0180185 -0.0690012
-0.0118638 -0.0276592 -0.068503
0.0159215 -0.0378849 -0.0652018
0.0495729 -0.047811 -0.0589108
0.0836298 -0.0552801 -0.0512694
0.113494 -0.0584859 -0.0438014
0.13723 -0.0559792 -0.0375557
0.154659 -0.0370296 -0.0325128
0.164369 -0.00360765 -0.027103
0.163936 0.039613 -0.0184999
0.153828 0.0861908 -0.00343025
0.137755 0.111906 0.0202845
0.118185 0.0910409 0.0513189
0.0944522 0.0677913 0.084795
0.066658 0.0630713 0.0924896
0.0386784 0.0632765 0.0922327
0.015173 0.0628258 0.0915282
-0.00186089 0.0618651 0.0904593
-0.0123918 0.0605687 0.0891235
-0.0179929 0.0590904 0.0876068
-0.0222535 0.0575144 0.0859575
-0.0285712 0.05583 0.0841732
-0.0386921 0.0539569 0.0822138
-0.0529858 0.0517865 0.0800237
-0.068852 0.0492407 0.0775635
-0.080131 0.0467004 0.0744017
-0.0810649 0.0435289 0.0701007
-0.070579 0.0388939 0.0648689
-0.0515883 0.0333744 0.0588862
-0.0280455 0.0276242 0.0522838
-0.00516261 0.0222305 0.0451488
0.0109621 0.0175587 0.0375261
0.0178466 0.0136809 0.0294471
0.0183984 0.0104627 0.0209922
0.0169158 0.00770894 0.0123281
0.0157622 0.00524264 0.00368737
0.0158308 0.00292553 -0.00467325
0.0178442 0.000673375 -0.0124997
0.0214954 -0.00154039 -0.0195619
0.0239061 -0.00374063 -0.0256881
0.0215318 -0.00603597 -0.0307963
0.0130837 -0.00864397 -0.0348885
-0.000690992 -0.0118475 -0.0380281
-0.0176973 -0.0159245 -0.0403224
-0.0343831 -0.0210589 -0.0419058
-0.0469153 -0.0272512 -0.0429262
-0.0532467 -0.0342838 -0.0435455
-0.0532948 -0.0417544 -0.0439477
-0.0470046 -0.0491234 -0.044327
-0.0343041 -0.0557502 -0.0448571
-0.0171802 -0.0609692 -0.0456737
0.000114099 -0.0642245 -0.0468765
0.0126902 -0.0652109 -0.0485296
0.0169766 -0.0639591 -0.0506484
0.0123417 -0.0608284 -0.0531772
0.00156399 -0.0563999 -0.055966
-0.0111197 -0.0483583 -0.0587153
-0.0237317 -0.0384115 -0.0609841
-0.036402 -0.0287122 -0.0623111
-0.047245 -0.0212165 -0.0623158
-0.0521343 -0.0180432 -0.059689
-0.048148 -0.0204556 -0.0529934
-0.0351659 -0.0268104 -0.0431997
-0.015584 -0.0341122 -0.0319186
0.00734426 -0.0388309 -0.0209365
0.0314907 -0.0377899 -0.0116815
0.0543489 -0.0289093 -0.00478547
0.0716022 -0.0117607 0.000119591
0.0799353 0.0121835 0.00433744
0.0795233 0.0397998 0.00980225
0.0740022 0.067095 0.0185869
0.0676537 0.0884374 0.0322621
0.0616382 0.0749848 0.0503962
0.0549291 0.060225 0.0701695
0.0467608 0.0515041 0.0817022
0.0361582 0.0516001 0.0810707
0.022417 0.0514093 0.0801975
0.00798598 0.0508761 0.0790595
-0.00184557 0.0500504 0.0776892
-0.00275281 0.0491132 0.0761891
0.00702872 0.0483282 0.0747056
0.02668 0.0484059 0.0728093
0.0530098 0.0497824 0.070329
0.0822564 0.0524339 0.0675283
0.109742 0.056182 0.0646646
0.126878 0.0606436 0.0619339
0.123386 0.0651745 0.0594051
0.0969071 0.0689754 0.0570367
0.0579918 0.0713967 0.0547997
0.0219929 0.0721945 0.0527853
-0.00214934 0.0715161 0.0511818
-0.0143081 0.0696925 0.0501652
-0.0193735 0.0667077 0.0502565
-0.0232795 0.0624121 0.0518853
-0.0294838 0.0573013 0.0543828
-0.0381119 0.0489701 0.0568112
